# Made in Blockbench 4.12.4
mtllib mr handy.mtl

o cube
v -0.03125 0.3418239872777393 -0.8733103224566454
v -0.03125 0.5248794886127268 -0.8327278948432512
v -0.09375 0.3652542627847011 -0.9789974654290423
v -0.09375 0.5483097641196886 -0.9384150378156481
v -0.0853765877365274 0.5181157506771611 -0.8022186446207533
v -0.0853765877365274 0.3350602493421736 -0.8428010722341476
v -0.1478765877365274 0.5415460261841228 -0.9079057875931502
v -0.1478765877365274 0.35849052484913535 -0.9484882152065445
vt 0.4375 0.625
vt 0.453125 0.625
vt 0.453125 0.59375
vt 0.4375 0.59375
vt 0.390625 0.625
vt 0.4375 0.625
vt 0.4375 0.59375
vt 0.390625 0.59375
vt 0.5 0.625
vt 0.515625 0.625
vt 0.515625 0.59375
vt 0.5 0.59375
vt 0.453125 0.625
vt 0.5 0.625
vt 0.5 0.59375
vt 0.453125 0.59375
vt 0.453125 0.625
vt 0.4375 0.625
vt 0.4375 0.671875
vt 0.453125 0.671875
vt 0.46875 0.671875
vt 0.453125 0.671875
vt 0.453125 0.625
vt 0.46875 0.625
vn 1.3877787807814457e-17 0.9762960071199334 0.21643961393810296
vn 0.8660254037844387 0.10821980696905147 -0.4881480035599666
vn -1.3877787807814457e-17 -0.9762960071199334 -0.21643961393810296
vn -0.8660254037844387 -0.10821980696905147 0.4881480035599666
vn 0.5 -0.18744220405569365 0.8454971437791755
vn -0.5 0.18744220405569365 -0.8454971437791755
usemtl m_17a32fc9-fe4e-9ef7-072a-9cb61fd9c4a7
f 4/4/1 7/3/1 5/2/1 2/1/1
f 3/8/2 4/7/2 2/6/2 1/5/2
f 8/12/3 3/11/3 1/10/3 6/9/3
f 7/16/4 8/15/4 6/14/4 5/13/4
f 6/20/5 1/19/5 2/18/5 5/17/5
f 7/24/6 4/23/6 3/22/6 8/21/6
o cube
v 0.03125 0.34182398727773955 -0.8733103224566454
v 0.03125 0.524879488612727 -0.8327278948432512
v 0.014934225972493553 0.3686474801573225 -0.9943032798864987
v 0.014934225972493553 0.55170298149231 -0.9537208522731044
v -0.030715303835863128 0.5231137986969197 -0.8247633823251884
v -0.030715303835863128 0.34005829736193216 -0.8653458099385827
v -0.047031077863369575 0.5499372915765026 -0.9457563397550416
v -0.047031077863369575 0.3668817902415151 -0.9863387673684358
vt 0.4375 0.625
vt 0.453125 0.625
vt 0.453125 0.59375
vt 0.4375 0.59375
vt 0.390625 0.625
vt 0.4375 0.625
vt 0.4375 0.59375
vt 0.390625 0.59375
vt 0.5 0.625
vt 0.515625 0.625
vt 0.515625 0.59375
vt 0.5 0.59375
vt 0.453125 0.625
vt 0.5 0.625
vt 0.5 0.59375
vt 0.453125 0.59375
vt 0.453125 0.625
vt 0.4375 0.625
vt 0.4375 0.671875
vt 0.453125 0.671875
vt 0.46875 0.671875
vt 0.453125 0.671875
vt 0.453125 0.625
vt 0.46875 0.625
vn 3.469446951953615e-18 0.9762960071199335 0.216439613938103
vn 0.9914448613738104 0.02825103865291858 -0.12743220028900526
vn -3.469446951953615e-18 -0.9762960071199335 -0.216439613938103
vn -0.9914448613738104 -0.02825103865291858 0.12743220028900526
vn 0.1305261922200516 -0.2145879430366636 0.9679436594388271
vn -0.1305261922200516 0.2145879430366636 -0.9679436594388271
usemtl m_17a32fc9-fe4e-9ef7-072a-9cb61fd9c4a7
f 12/28/7 15/27/7 13/26/7 10/25/7
f 11/32/8 12/31/8 10/30/8 9/29/8
f 16/36/9 11/35/9 9/34/9 14/33/9
f 15/40/10 16/39/10 14/38/10 13/37/10
f 14/44/11 9/43/11 10/42/11 13/41/11
f 15/48/12 12/47/12 11/46/12 16/45/12
o cube
v 0.029687499999999978 0.3317508098868429 -0.6834910831860923
v 0.029687499999999978 0.4537878107768346 -0.6564361314438295
v 0.029687499999999978 0.3723332375002373 -0.8665465845210798
v 0.029687499999999978 0.49437023839022887 -0.839491632778817
v -0.03281250000000002 0.4537878107768346 -0.6564361314438295
v -0.03281250000000002 0.3317508098868429 -0.6834910831860923
v -0.03281250000000002 0.49437023839022887 -0.839491632778817
v -0.03281250000000002 0.3723332375002373 -0.8665465845210798
vt 0.75 0.96875
vt 0.765625 0.96875
vt 0.765625 0.921875
vt 0.75 0.921875
vt 0.71875 0.96875
vt 0.75 0.96875
vt 0.75 0.921875
vt 0.71875 0.921875
vt 0.796875 0.96875
vt 0.8125 0.96875
vt 0.8125 0.921875
vt 0.796875 0.921875
vt 0.765625 0.96875
vt 0.796875 0.96875
vt 0.796875 0.921875
vt 0.765625 0.921875
vt 0.765625 0.96875
vt 0.75 0.96875
vt 0.75 1
vt 0.765625 1
vt 0.78125 1
vt 0.765625 1
vt 0.765625 0.96875
vt 0.78125 0.96875
vn 0 0.9762960071199334 0.21643961393810296
vn 1 0 0
vn 0 -0.9762960071199334 -0.21643961393810296
vn -1 0 0
vn 0 -0.21643961393810296 0.9762960071199334
vn 0 0.21643961393810296 -0.9762960071199334
usemtl m_17a32fc9-fe4e-9ef7-072a-9cb61fd9c4a7
f 20/52/13 23/51/13 21/50/13 18/49/13
f 19/56/14 20/55/14 18/54/14 17/53/14
f 24/60/15 19/59/15 17/58/15 22/57/15
f 23/64/16 24/63/16 22/62/16 21/61/16
f 22/68/17 17/67/17 18/66/17 21/65/17
f 23/72/18 20/71/18 19/70/18 24/69/18
o cube
v 0.03125 0.11773934461029412 -0.6376563980294421
v 0.03125 0.17056662732788153 -0.5243679246498608
v 0.03125 0.4009605280592472 -0.7697246048234107
v 0.03125 0.4537878107768346 -0.6564361314438294
v -0.03125 0.17056662732788153 -0.5243679246498608
v -0.03125 0.11773934461029412 -0.6376563980294421
v -0.03125 0.4537878107768346 -0.6564361314438294
v -0.03125 0.4009605280592472 -0.7697246048234107
vt 0.03125 0.640625
vt 0.046875 0.640625
vt 0.046875 0.5625
vt 0.03125 0.5625
vt 0 0.640625
vt 0.03125 0.640625
vt 0.03125 0.5625
vt 0 0.5625
vt 0.078125 0.640625
vt 0.09375 0.640625
vt 0.09375 0.5625
vt 0.078125 0.5625
vt 0.046875 0.640625
vt 0.078125 0.640625
vt 0.078125 0.5625
vt 0.046875 0.5625
vt 0.046875 0.640625
vt 0.03125 0.640625
vt 0.03125 0.671875
vt 0.046875 0.671875
vt 0.0625 0.671875
vt 0.046875 0.671875
vt 0.046875 0.640625
vt 0.0625 0.640625
vn 0 0.4226182617406994 0.9063077870366499
vn 1 0 0
vn 0 -0.4226182617406994 -0.9063077870366499
vn -1 0 0
vn 0 -0.9063077870366499 0.4226182617406994
vn 0 0.9063077870366499 -0.4226182617406994
usemtl m_17a32fc9-fe4e-9ef7-072a-9cb61fd9c4a7
f 28/76/19 31/75/19 29/74/19 26/73/19
f 27/80/20 28/79/20 26/78/20 25/77/20
f 32/84/21 27/83/21 25/82/21 30/81/21
f 31/88/22 32/87/22 30/86/22 29/85/22
f 30/92/23 25/91/23 26/90/23 29/89/23
f 31/96/24 28/95/24 27/94/24 32/93/24
o cube
v 0.06093749999999998 0.17200440013120988 -0.329903975213127
v 0.06093749999999998 0.2951053692577359 -0.35160999742149324
v 0.06093749999999998 0.11773934461029412 -0.637656398029442
v 0.06093749999999998 0.24084031373682013 -0.6593624202378082
v -0.06406250000000002 0.2951053692577359 -0.35160999742149324
v -0.06406250000000002 0.17200440013120988 -0.329903975213127
v -0.06406250000000002 0.24084031373682013 -0.6593624202378082
v -0.06406250000000002 0.11773934461029412 -0.637656398029442
vt 0.03125 0.96875
vt 0.0625 0.96875
vt 0.0625 0.890625
vt 0.03125 0.890625
vt 0 0.96875
vt 0.03125 0.96875
vt 0.03125 0.890625
vt 0 0.890625
vt 0.09375 0.96875
vt 0.125 0.96875
vt 0.125 0.890625
vt 0.09375 0.890625
vt 0.0625 0.96875
vt 0.09375 0.96875
vt 0.09375 0.890625
vt 0.0625 0.890625
vt 0.0625 0.96875
vt 0.03125 0.96875
vt 0.03125 1
vt 0.0625 1
vt 0.09375 1
vt 0.0625 1
vt 0.0625 0.96875
vt 0.09375 0.96875
vn 0 0.984807753012208 -0.17364817766693036
vn 1 0 0
vn 0 -0.984807753012208 0.17364817766693036
vn -1 0 0
vn 0 0.17364817766693036 0.984807753012208
vn 0 -0.17364817766693036 -0.984807753012208
usemtl m_17a32fc9-fe4e-9ef7-072a-9cb61fd9c4a7
f 36/100/25 39/99/25 37/98/25 34/97/25
f 35/104/26 36/103/26 34/102/26 33/101/26
f 40/108/27 35/107/27 33/106/27 38/105/27
f 39/112/28 40/111/28 38/110/28 37/109/28
f 38/116/29 33/115/29 34/114/29 37/113/29
f 39/120/30 36/119/30 35/118/30 40/117/30
o cube
v 0.0625 0.406927555327687 -0.24439893938170987
v 0.0625 0.44968007324339565 -0.3618605169799485
v 0.0625 0.17200440013121 -0.3299039752131271
v 0.0625 0.2147569180469186 -0.4473655528113656
v -0.0625 0.44968007324339565 -0.3618605169799485
v -0.0625 0.406927555327687 -0.24439893938170987
v -0.0625 0.2147569180469186 -0.4473655528113656
v -0.0625 0.17200440013121 -0.3299039752131271
vt 0.71875 0.59375
vt 0.75 0.59375
vt 0.75 0.53125
vt 0.71875 0.53125
vt 0.6875 0.59375
vt 0.71875 0.59375
vt 0.71875 0.53125
vt 0.6875 0.53125
vt 0.78125 0.59375
vt 0.8125 0.59375
vt 0.8125 0.53125
vt 0.78125 0.53125
vt 0.75 0.59375
vt 0.78125 0.59375
vt 0.78125 0.53125
vt 0.75 0.53125
vt 0.75 0.59375
vt 0.71875 0.59375
vt 0.71875 0.625
vt 0.75 0.625
vt 0.78125 0.625
vt 0.75 0.625
vt 0.75 0.59375
vt 0.78125 0.59375
vn 0 0.3420201433256688 -0.9396926207859083
vn 1 0 0
vn 0 -0.3420201433256688 0.9396926207859083
vn -1 0 0
vn 0 0.9396926207859083 0.3420201433256688
vn 0 -0.9396926207859083 -0.3420201433256688
usemtl m_17a32fc9-fe4e-9ef7-072a-9cb61fd9c4a7
f 44/124/31 47/123/31 45/122/31 42/121/31
f 43/128/32 44/127/32 42/126/32 41/125/32
f 48/132/33 43/131/33 41/130/33 46/129/33
f 47/136/34 48/135/34 46/134/34 45/133/34
f 46/140/35 41/139/35 42/138/35 45/137/35
f 47/144/36 44/143/36 43/142/36 48/141/36
o cube
v 0.09375 0.7805005671120916 -0.2770823429120817
v 0.09375 0.7696060992686343 -0.4016066801735499
v 0.09375 0.406927555327687 -0.24439893938170998
v 0.09375 0.3960330874842297 -0.36892327664317814
v -0.09375 0.7696060992686343 -0.4016066801735499
v -0.09375 0.7805005671120916 -0.2770823429120817
v -0.09375 0.3960330874842297 -0.36892327664317814
v -0.09375 0.406927555327687 -0.24439893938170998
vt 0.40625 0.265625
vt 0.453125 0.265625
vt 0.453125 0.171875
vt 0.40625 0.171875
vt 0.375 0.265625
vt 0.40625 0.265625
vt 0.40625 0.171875
vt 0.375 0.171875
vt 0.484375 0.265625
vt 0.53125 0.265625
vt 0.53125 0.171875
vt 0.484375 0.171875
vt 0.453125 0.265625
vt 0.484375 0.265625
vt 0.484375 0.171875
vt 0.453125 0.171875
vt 0.453125 0.265625
vt 0.40625 0.265625
vt 0.40625 0.296875
vt 0.453125 0.296875
vt 0.5 0.296875
vt 0.453125 0.296875
vt 0.453125 0.265625
vt 0.5 0.265625
vn 0 -0.08715574274765808 -0.9961946980917455
vn 1 0 0
vn 0 0.08715574274765808 0.9961946980917455
vn -1 0 0
vn 0 0.9961946980917455 -0.08715574274765808
vn 0 -0.9961946980917455 0.08715574274765808
usemtl m_17a32fc9-fe4e-9ef7-072a-9cb61fd9c4a7
f 52/148/37 55/147/37 53/146/37 50/145/37
f 51/152/38 52/151/38 50/150/38 49/149/38
f 56/156/39 51/155/39 49/154/39 54/153/39
f 55/160/40 56/159/40 54/158/40 53/157/40
f 54/164/41 49/163/41 50/162/41 53/161/41
f 55/168/42 52/167/42 51/166/42 56/165/42
o cube
v 0.09218749999999998 0.9867931793206032 -0.1279278816551047
v 0.09218749999999998 1.0660341033969845 -0.29786059172447654
v 0.09218749999999998 0.7035719958716501 -0.2599960884490733
v 0.09218749999999998 0.7828129199480313 -0.4299287985184451
v -0.09531250000000002 1.0660341033969845 -0.29786059172447654
v -0.09531250000000002 0.9867931793206032 -0.1279278816551047
v -0.09531250000000002 0.7828129199480313 -0.4299287985184451
v -0.09531250000000002 0.7035719958716501 -0.2599960884490733
vt 0.21875 0.25
vt 0.265625 0.25
vt 0.265625 0.171875
vt 0.21875 0.171875
vt 0.171875 0.25
vt 0.21875 0.25
vt 0.21875 0.171875
vt 0.171875 0.171875
vt 0.3125 0.25
vt 0.359375 0.25
vt 0.359375 0.171875
vt 0.3125 0.171875
vt 0.265625 0.25
vt 0.3125 0.25
vt 0.3125 0.171875
vt 0.265625 0.171875
vt 0.265625 0.25
vt 0.21875 0.25
vt 0.21875 0.296875
vt 0.265625 0.296875
vt 0.3125 0.296875
vt 0.265625 0.296875
vt 0.265625 0.25
vt 0.3125 0.25
vn 0 0.42261826174069944 -0.9063077870366499
vn 1 0 0
vn 0 -0.42261826174069944 0.9063077870366499
vn -1 0 0
vn 0 0.9063077870366499 0.42261826174069944
vn 0 -0.9063077870366499 -0.42261826174069944
usemtl m_17a32fc9-fe4e-9ef7-072a-9cb61fd9c4a7
f 60/172/43 63/171/43 61/170/43 58/169/43
f 59/176/44 60/175/44 58/174/44 57/173/44
f 64/180/45 59/179/45 57/178/45 62/177/45
f 63/184/46 64/183/46 62/182/46 61/181/46
f 62/188/47 57/187/47 58/186/47 61/185/47
f 63/192/48 60/191/48 59/190/48 64/189/48
o cube
v 0.125 1.125 -0.125
v 0.125 1.125 -0.3125
v 0.125 1 -0.125
v 0.125 1 -0.3125
v -0.125 1.125 -0.3125
v -0.125 1.125 -0.125
v -0.125 1 -0.3125
v -0.125 1 -0.125
vt 0.6875 0.828125
vt 0.75 0.828125
vt 0.75 0.796875
vt 0.6875 0.796875
vt 0.640625 0.828125
vt 0.6875 0.828125
vt 0.6875 0.796875
vt 0.640625 0.796875
vt 0.796875 0.828125
vt 0.859375 0.828125
vt 0.859375 0.796875
vt 0.796875 0.796875
vt 0.75 0.828125
vt 0.796875 0.828125
vt 0.796875 0.796875
vt 0.75 0.796875
vt 0.75 0.828125
vt 0.6875 0.828125
vt 0.6875 0.875
vt 0.75 0.875
vt 0.8125 0.875
vt 0.75 0.875
vt 0.75 0.828125
vt 0.8125 0.828125
vn 0 0 -1
vn 1 0 0
vn 0 0 1
vn -1 0 0
vn 0 1 0
vn 0 -1 0
usemtl m_17a32fc9-fe4e-9ef7-072a-9cb61fd9c4a7
f 68/196/49 71/195/49 69/194/49 66/193/49
f 67/200/50 68/199/50 66/198/50 65/197/50
f 72/204/51 67/203/51 65/202/51 70/201/51
f 71/208/52 72/207/52 70/206/52 69/205/52
f 70/212/53 65/211/53 66/210/53 69/209/53
f 71/216/54 68/215/54 67/214/54 72/213/54
o cube
v 0.7133648532665084 0.3868554858950224 0.6270723696247151
v 0.49865730736980524 0.5770934324602475 0.5031109102042097
v 0.87811574775578 0.6347784047360332 0.7221913429073277
v 0.6634082018590769 0.8250163513012585 0.5982298834868223
v 0.5299073073698053 0.5770934324602475 0.4489843224676822
v 0.7446148532665084 0.3868554858950224 0.5729457818881877
v 0.6946582018590769 0.8250163513012585 0.5441032957502949
v 0.90936574775578 0.6347784047360332 0.6680647551708003
vt 0.609375 0.359375
vt 0.625 0.359375
vt 0.625 0.28125
vt 0.609375 0.28125
vt 0.53125 0.359375
vt 0.609375 0.359375
vt 0.609375 0.28125
vt 0.53125 0.28125
vt 0.703125 0.359375
vt 0.71875 0.359375
vt 0.71875 0.28125
vt 0.703125 0.28125
vt 0.625 0.359375
vt 0.703125 0.359375
vt 0.703125 0.28125
vt 0.625 0.28125
vt 0.625 0.359375
vt 0.609375 0.359375
vt 0.609375 0.4375
vt 0.625 0.4375
vt 0.640625 0.4375
vt 0.625 0.4375
vt 0.625 0.359375
vt 0.640625 0.359375
vn -0.6870641468694502 0.6087614290087209 -0.39667667014561736
vn -0.4999999999999999 5.551115123125783e-17 0.8660254037844388
vn 0.6870641468694502 -0.6087614290087209 0.39667667014561736
vn 0.4999999999999999 -5.551115123125783e-17 -0.8660254037844388
vn -0.5272028623656694 -0.7933533402912352 -0.3043807145043603
vn 0.5272028623656694 0.7933533402912352 0.3043807145043603
usemtl m_17a32fc9-fe4e-9ef7-072a-9cb61fd9c4a7
f 76/220/55 79/219/55 77/218/55 74/217/55
f 75/224/56 76/223/56 74/222/56 73/221/56
f 80/228/57 75/227/57 73/226/57 78/225/57
f 79/232/58 80/231/58 78/230/58 77/229/58
f 78/236/59 73/235/59 74/234/59 77/233/59
f 79/240/60 76/239/60 75/238/60 80/237/60
o cube
v 0.736480242652531 0.4118821200767978 0.6043336540848068
v 0.6291531881023733 0.4281978941043043 0.5423683502489436
v 0.7576750548378715 0.5977780315843872 0.6165704846054365
v 0.6503480002877138 0.6140938056118938 0.5546051807695734
v 0.6604031881023733 0.4281978941043043 0.48824176251241613
v 0.767730242652531 0.4118821200767978 0.5502070663482793
v 0.6815980002877138 0.6140938056118938 0.500478593033046
v 0.7889250548378715 0.5977780315843872 0.5624438968689092
vt 0.75 0.96875
vt 0.765625 0.96875
vt 0.765625 0.921875
vt 0.75 0.921875
vt 0.71875 0.96875
vt 0.75 0.96875
vt 0.75 0.921875
vt 0.71875 0.921875
vt 0.796875 0.96875
vt 0.8125 0.96875
vt 0.8125 0.921875
vt 0.796875 0.921875
vt 0.765625 0.96875
vt 0.796875 0.96875
vt 0.796875 0.921875
vt 0.765625 0.921875
vt 0.765625 0.96875
vt 0.75 0.96875
vt 0.75 1
vt 0.765625 1
vt 0.78125 1
vt 0.765625 1
vt 0.765625 0.96875
vt 0.78125 0.96875
vn -0.8586164364012611 0.13052619222005177 -0.4957224306869049
vn -0.4999999999999999 7.632783294297952e-17 0.8660254037844388
vn 0.8586164364012611 -0.13052619222005177 0.4957224306869049
vn 0.4999999999999999 -7.632783294297952e-17 -0.8660254037844388
vn -0.11303899832181569 -0.9914448613738105 -0.0652630961100259
vn 0.11303899832181569 0.9914448613738105 0.0652630961100259
usemtl m_17a32fc9-fe4e-9ef7-072a-9cb61fd9c4a7
f 84/244/61 87/243/61 85/242/61 82/241/61
f 83/248/62 84/247/62 82/246/62 81/245/62
f 88/252/63 83/251/63 81/250/63 86/249/63
f 87/256/64 88/255/64 86/254/64 85/253/64
f 86/260/65 81/259/65 82/258/65 85/257/65
f 87/264/66 84/263/66 83/262/66 88/261/66
o cube
v 0.6221058205366976 0.1286609366278446 0.5382995506878224
v 0.5239951246340231 0.18148821934543202 0.48165531399803185
v 0.7364802426525311 0.4118821200767976 0.6043336540848067
v 0.6383695467498566 0.4647094027943851 0.5476894173950161
v 0.5552451246340231 0.18148821934543202 0.4275287262615044
v 0.6533558205366976 0.1286609366278446 0.48417296295129497
v 0.6696195467498566 0.4647094027943851 0.49356282965848874
v 0.7677302426525311 0.4118821200767976 0.5502070663482793
vt 0.03125 0.640625
vt 0.046875 0.640625
vt 0.046875 0.5625
vt 0.03125 0.5625
vt 0 0.640625
vt 0.03125 0.640625
vt 0.03125 0.5625
vt 0 0.5625
vt 0.078125 0.640625
vt 0.09375 0.640625
vt 0.09375 0.5625
vt 0.078125 0.5625
vt 0.046875 0.640625
vt 0.078125 0.640625
vt 0.078125 0.5625
vt 0.046875 0.5625
vt 0.046875 0.640625
vt 0.03125 0.640625
vt 0.03125 0.671875
vt 0.046875 0.671875
vt 0.0625 0.671875
vt 0.046875 0.671875
vt 0.046875 0.640625
vt 0.0625 0.640625
vn -0.784885567221396 0.42261826174069966 -0.4531538935183248
vn -0.4999999999999998 8.326672684688674e-17 0.8660254037844388
vn 0.784885567221396 -0.42261826174069966 0.4531538935183248
vn 0.4999999999999998 -8.326672684688674e-17 -0.8660254037844388
vn -0.36599815077066705 -0.9063077870366499 -0.21130913087034972
vn 0.36599815077066705 0.9063077870366499 0.21130913087034972
usemtl m_17a32fc9-fe4e-9ef7-072a-9cb61fd9c4a7
f 92/268/67 95/267/67 93/266/67 90/265/67
f 91/272/68 92/271/68 90/270/68 89/269/68
f 96/276/69 91/275/69 89/274/69 94/273/69
f 95/280/70 96/279/70 94/278/70 93/277/70
f 94/284/71 89/283/71 90/282/71 93/281/71
f 95/288/72 92/287/72 91/286/72 96/285/72
o cube
v 0.3407406543015591 0.18292599214876054 0.4101334684545157
v 0.3595386209491136 0.30602696127528656 0.42098647955869883
v 0.6072620705366976 0.12866093662784472 0.564009679862673
v 0.626060037184252 0.25176190575437074 0.5748626909668562
v 0.4220386209491135 0.30602696127528656 0.3127333040856439
v 0.4032406543015591 0.18292599214876054 0.3018802929814608
v 0.688560037184252 0.25176190575437074 0.46660951549380136
v 0.6697620705366976 0.12866093662784472 0.45575650438961823
vt 0.03125 0.96875
vt 0.0625 0.96875
vt 0.0625 0.890625
vt 0.03125 0.890625
vt 0 0.96875
vt 0.03125 0.96875
vt 0.03125 0.890625
vt 0 0.890625
vt 0.09375 0.96875
vt 0.125 0.96875
vt 0.125 0.890625
vt 0.09375 0.890625
vt 0.0625 0.96875
vt 0.09375 0.96875
vt 0.09375 0.890625
vt 0.0625 0.890625
vt 0.0625 0.96875
vt 0.03125 0.96875
vt 0.03125 1
vt 0.0625 1
vt 0.09375 1
vt 0.0625 1
vt 0.0625 0.96875
vt 0.09375 0.96875
vn 0.15038373318043552 0.984807753012208 0.08682408883346525
vn -0.4999999999999998 5.551115123125783e-17 0.8660254037844388
vn -0.15038373318043552 -0.984807753012208 -0.08682408883346525
vn 0.4999999999999998 -5.551115123125783e-17 -0.8660254037844388
vn -0.8528685319524434 0.17364817766693055 -0.4924038765061038
vn 0.8528685319524434 -0.17364817766693055 0.4924038765061038
usemtl m_17a32fc9-fe4e-9ef7-072a-9cb61fd9c4a7
f 100/292/73 103/291/73 101/290/73 98/289/73
f 99/296/74 100/295/74 98/294/74 97/293/74
f 104/300/75 99/299/75 97/298/75 102/297/75
f 103/304/76 104/303/76 102/302/76 101/301/76
f 102/308/77 97/307/77 98/306/77 101/305/77
f 103/312/78 100/311/78 99/310/78 104/309/78
o cube
v 0.26590987112005304 0.4178491473452376 0.3687341152322201
v 0.3676345812887247 0.46060166526094626 0.4274649040313393
v 0.339959404301559 0.18292599214876054 0.41148663314792855
v 0.4416841144702307 0.2256785100644691 0.47021742194704785
v 0.4301345812887247 0.46060166526094626 0.3192117285582844
v 0.32840987112005304 0.4178491473452376 0.2604809397591652
v 0.5041841144702306 0.2256785100644691 0.36196424647399306
v 0.40245940430155897 0.18292599214876054 0.30323345767487386
vt 0.71875 0.59375
vt 0.75 0.59375
vt 0.75 0.53125
vt 0.71875 0.53125
vt 0.6875 0.59375
vt 0.71875 0.59375
vt 0.71875 0.53125
vt 0.6875 0.53125
vt 0.78125 0.59375
vt 0.8125 0.59375
vt 0.8125 0.53125
vt 0.78125 0.53125
vt 0.75 0.59375
vt 0.78125 0.59375
vt 0.78125 0.53125
vt 0.75 0.53125
vt 0.75 0.59375
vt 0.71875 0.59375
vt 0.71875 0.625
vt 0.75 0.625
vt 0.78125 0.625
vt 0.75 0.625
vt 0.75 0.59375
vt 0.78125 0.59375
vn 0.8137976813493739 0.34202014332566866 0.469846310392954
vn -0.4999999999999999 2.775557561562892e-17 0.8660254037844389
vn -0.8137976813493739 -0.34202014332566866 -0.469846310392954
vn 0.4999999999999999 -2.775557561562892e-17 -0.8660254037844389
vn -0.29619813272602386 0.9396926207859084 -0.17101007166283425
vn 0.29619813272602386 -0.9396926207859084 0.17101007166283425
usemtl m_17a32fc9-fe4e-9ef7-072a-9cb61fd9c4a7
f 108/316/79 111/315/79 109/314/79 106/313/79
f 107/320/80 108/319/80 106/318/80 105/317/80
f 112/324/81 107/323/81 105/322/81 110/321/81
f 111/328/82 112/327/82 110/326/82 109/325/82
f 110/332/83 105/331/83 106/330/83 109/329/83
f 111/336/84 108/335/84 107/334/84 112/333/84
o cube
v 0.27858952885949306 0.7914221591296423 0.4121391108656698
v 0.3864307683173457 0.7805276912861849 0.4744012794964039
v 0.25028487112005304 0.41784914734523765 0.3957974091004839
v 0.35812611057790567 0.4069546795017804 0.458059577731218
v 0.48018076831734563 0.7805276912861849 0.3120215162868216
v 0.372339528859493 0.7914221591296423 0.24975934765608754
v 0.4518761105779056 0.4069546795017804 0.2956798145216357
v 0.344034871120053 0.41784914734523765 0.23341764589090164
vt 0.40625 0.265625
vt 0.453125 0.265625
vt 0.453125 0.171875
vt 0.40625 0.171875
vt 0.375 0.265625
vt 0.40625 0.265625
vt 0.40625 0.171875
vt 0.375 0.171875
vt 0.484375 0.265625
vt 0.53125 0.265625
vt 0.53125 0.171875
vt 0.484375 0.171875
vt 0.453125 0.265625
vt 0.484375 0.265625
vt 0.484375 0.171875
vt 0.453125 0.171875
vt 0.453125 0.265625
vt 0.40625 0.265625
vt 0.40625 0.296875
vt 0.453125 0.296875
vt 0.5 0.296875
vt 0.453125 0.296875
vt 0.453125 0.265625
vt 0.5 0.265625
vn 0.8627299156628211 -0.08715574274765821 0.49809734904587255
vn -0.4999999999999999 2.775557561562892e-17 0.8660254037844389
vn -0.8627299156628211 0.08715574274765821 -0.49809734904587255
vn 0.4999999999999999 -2.775557561562892e-17 -0.8660254037844389
vn 0.07547908730517341 0.9961946980917455 0.043577871373829104
vn -0.07547908730517341 -0.9961946980917455 -0.043577871373829104
usemtl m_17a32fc9-fe4e-9ef7-072a-9cb61fd9c4a7
f 116/340/85 119/339/85 117/338/85 114/337/85
f 115/344/86 116/343/86 114/342/86 113/341/86
f 120/348/87 115/347/87 113/346/87 118/345/87
f 119/352/88 120/351/88 118/350/88 117/349/88
f 118/356/89 113/355/89 114/354/89 117/353/89
f 119/360/90 116/359/90 115/358/90 120/357/90
o cube
v 0.14222045997173782 0.9855703558364053 0.3316021726429683
v 0.28625306902755165 1.072148220817974 0.41475943825342654
v 0.26718484410416743 0.7083794704682109 0.4037503934609423
v 0.41121745315998137 0.7949573354497798 0.48690765907140054
v 0.38000306902755165 1.072148220817974 0.2523796750438443
v 0.23597045997173782 0.9855703558364053 0.16922240943338607
v 0.5049674531599813 0.7949573354497798 0.3245278958618183
v 0.36093484410416743 0.7083794704682109 0.24137063025136007
vt 0.21875 0.25
vt 0.265625 0.25
vt 0.265625 0.171875
vt 0.21875 0.171875
vt 0.171875 0.25
vt 0.21875 0.25
vt 0.21875 0.171875
vt 0.171875 0.171875
vt 0.3125 0.25
vt 0.359375 0.25
vt 0.359375 0.171875
vt 0.3125 0.171875
vt 0.265625 0.25
vt 0.3125 0.25
vt 0.3125 0.171875
vt 0.265625 0.171875
vt 0.265625 0.25
vt 0.21875 0.25
vt 0.21875 0.296875
vt 0.265625 0.296875
vt 0.3125 0.296875
vt 0.265625 0.296875
vt 0.265625 0.25
vt 0.3125 0.25
vn 0.768173914964341 0.46174861323503397 0.44350541658911063
vn -0.4999999999999998 0 0.8660254037844388
vn -0.768173914964341 -0.46174861323503397 -0.44350541658911063
vn 0.4999999999999998 0 -0.8660254037844388
vn -0.39988602922377503 0.8870108331782219 -0.2308743066175169
vn 0.39988602922377503 -0.8870108331782219 0.2308743066175169
usemtl m_17a32fc9-fe4e-9ef7-072a-9cb61fd9c4a7
f 124/364/91 127/363/91 125/362/91 122/361/91
f 123/368/92 124/367/92 122/366/92 121/365/92
f 128/372/93 123/371/93 121/370/93 126/369/93
f 127/376/94 128/375/94 126/374/94 125/373/94
f 126/380/95 121/379/95 122/378/95 125/377/95
f 127/384/96 124/383/96 123/382/96 128/381/96
o cube
v 0.1227563509461097 1.125 0.3582531754730547
v 0.28513611415569207 1.125 0.4520031754730547
v 0.1227563509461097 1 0.3582531754730547
v 0.28513611415569207 1 0.4520031754730547
v 0.410136114155692 1.125 0.23549682452694498
v 0.2477563509461097 1.125 0.14174682452694498
v 0.410136114155692 1 0.23549682452694498
v 0.2477563509461097 1 0.14174682452694498
vt 0.6875 0.828125
vt 0.75 0.828125
vt 0.75 0.796875
vt 0.6875 0.796875
vt 0.640625 0.828125
vt 0.6875 0.828125
vt 0.6875 0.796875
vt 0.640625 0.796875
vt 0.796875 0.828125
vt 0.859375 0.828125
vt 0.859375 0.796875
vt 0.796875 0.796875
vt 0.75 0.828125
vt 0.796875 0.828125
vt 0.796875 0.796875
vt 0.75 0.796875
vt 0.75 0.828125
vt 0.6875 0.828125
vt 0.6875 0.875
vt 0.75 0.875
vt 0.8125 0.875
vt 0.75 0.875
vt 0.75 0.828125
vt 0.8125 0.828125
vn 0.8660254037844388 0 0.4999999999999998
vn -0.4999999999999998 0 0.8660254037844388
vn -0.8660254037844388 0 -0.4999999999999998
vn 0.4999999999999998 0 -0.8660254037844388
vn 0 1 0
vn 0 -1 0
usemtl m_17a32fc9-fe4e-9ef7-072a-9cb61fd9c4a7
f 132/388/97 135/387/97 133/386/97 130/385/97
f 131/392/98 132/391/98 130/390/98 129/389/98
f 136/396/99 131/395/99 129/394/99 134/393/99
f 135/400/100 136/399/100 134/398/100 133/397/100
f 134/404/101 129/403/101 130/402/101 133/401/101
f 135/408/102 132/407/102 131/406/102 136/405/102
o cube
v -0.7796872786214911 0.32829651140660787 0.5949990756992378
v -0.7328267276075677 0.5723705131865913 0.567944123956975
v -1.1495922790248807 0.42298884250452795 0.8085638272567232
v -1.1027317280109572 0.6670628442845112 0.7815088755144604
v -0.7015767276075677 0.5723705131865913 0.6220707116935025
v -0.7484372786214911 0.32829651140660787 0.6491256634357653
v -1.0714817280109572 0.6670628442845112 0.8356354632509878
v -1.1183422790248807 0.42298884250452795 0.8626904149932506
vt 0.0625 0.28125
vt 0.078125 0.28125
vt 0.078125 0.171875
vt 0.0625 0.171875
vt 0 0.28125
vt 0.0625 0.28125
vt 0.0625 0.171875
vt 0 0.171875
vt 0.140625 0.28125
vt 0.15625 0.28125
vt 0.15625 0.171875
vt 0.140625 0.171875
vt 0.078125 0.28125
vt 0.140625 0.28125
vt 0.140625 0.171875
vt 0.078125 0.171875
vt 0.078125 0.28125
vt 0.0625 0.28125
vt 0.0625 0.34375
vt 0.078125 0.34375
vt 0.09375 0.34375
vt 0.078125 0.34375
vt 0.078125 0.28125
vt 0.09375 0.28125
vn 0.18744220405569362 0.9762960071199333 -0.10821980696905138
vn -0.4999999999999998 -2.7755575615628907e-17 -0.8660254037844388
vn -0.18744220405569362 -0.9762960071199333 0.10821980696905138
vn 0.4999999999999998 2.7755575615628907e-17 0.8660254037844388
vn 0.8454971437791757 -0.21643961393810296 -0.48814800355996657
vn -0.8454971437791757 0.21643961393810296 0.48814800355996657
usemtl m_17a32fc9-fe4e-9ef7-072a-9cb61fd9c4a7
f 140/412/103 143/411/103 141/410/103 138/409/103
f 139/416/104 140/415/104 138/414/104 137/413/104
f 144/420/105 139/419/105 137/418/105 142/417/105
f 143/424/106 144/423/106 142/422/106 141/421/106
f 142/428/107 137/427/107 138/426/107 141/425/107
f 143/432/108 140/431/108 139/430/108 144/429/108
o cube
v -0.6837675667723538 0.3317508098868429 0.5035354124181954
v -0.6603372912653922 0.4537878107768346 0.49000793654706404
v -0.8422982812309493 0.3723332375002373 0.5950631630856892
v -0.8188680057239877 0.49437023839022887 0.5815356872145577
v -0.6290872912653922 0.4537878107768346 0.5441345242835915
v -0.6525175667723538 0.3317508098868429 0.5576620001547229
v -0.7876180057239877 0.49437023839022887 0.6356622749510852
v -0.8110482812309493 0.3723332375002373 0.6491897508222166
vt 0.75 0.96875
vt 0.765625 0.96875
vt 0.765625 0.921875
vt 0.75 0.921875
vt 0.71875 0.96875
vt 0.75 0.96875
vt 0.75 0.921875
vt 0.71875 0.921875
vt 0.796875 0.96875
vt 0.8125 0.96875
vt 0.8125 0.921875
vt 0.796875 0.921875
vt 0.765625 0.96875
vt 0.796875 0.96875
vt 0.796875 0.921875
vt 0.765625 0.921875
vt 0.765625 0.96875
vt 0.75 0.96875
vt 0.75 1
vt 0.765625 1
vt 0.78125 1
vt 0.765625 1
vt 0.765625 0.96875
vt 0.78125 0.96875
vn 0.18744220405569362 0.9762960071199333 -0.10821980696905138
vn -0.4999999999999998 -2.7755575615628907e-17 -0.8660254037844388
vn -0.18744220405569362 -0.9762960071199333 0.10821980696905138
vn 0.4999999999999998 2.7755575615628907e-17 0.8660254037844388
vn 0.8454971437791757 -0.21643961393810296 -0.48814800355996657
vn -0.8454971437791757 0.21643961393810296 0.48814800355996657
usemtl m_17a32fc9-fe4e-9ef7-072a-9cb61fd9c4a7
f 148/436/109 151/435/109 149/434/109 146/433/109
f 147/440/110 148/439/110 146/438/110 145/437/110
f 152/444/111 147/443/111 145/442/111 150/441/111
f 151/448/112 152/447/112 150/446/112 149/445/112
f 150/452/113 145/451/113 146/450/113 149/449/113
f 151/456/114 148/455/114 147/454/114 152/453/114
o cube
v -0.6448548150522333 0.11773934461029412 0.4792649051464572
v -0.5467441191495588 0.17056662732788153 0.42262066845666657
v -0.7592292371680668 0.4009605280592472 0.5452990085434415
v -0.6611185412653923 0.4537878107768346 0.48865477185365086
v -0.5154941191495588 0.17056662732788153 0.47674725619319397
v -0.6136048150522333 0.11773934461029412 0.5333914928829846
v -0.6298685412653923 0.4537878107768346 0.5427813595901783
v -0.7279792371680668 0.4009605280592472 0.5994255962799688
vt 0.03125 0.640625
vt 0.046875 0.640625
vt 0.046875 0.5625
vt 0.03125 0.5625
vt 0 0.640625
vt 0.03125 0.640625
vt 0.03125 0.5625
vt 0 0.5625
vt 0.078125 0.640625
vt 0.09375 0.640625
vt 0.09375 0.5625
vt 0.078125 0.5625
vt 0.046875 0.640625
vt 0.078125 0.640625
vt 0.078125 0.5625
vt 0.046875 0.5625
vt 0.046875 0.640625
vt 0.03125 0.640625
vt 0.03125 0.671875
vt 0.046875 0.671875
vt 0.0625 0.671875
vt 0.046875 0.671875
vt 0.046875 0.640625
vt 0.0625 0.640625
vn 0.784885567221396 0.42261826174069955 -0.45315389351832486
vn -0.49999999999999983 -2.7755575615628914e-17 -0.8660254037844389
vn -0.784885567221396 -0.42261826174069955 0.45315389351832486
vn 0.49999999999999983 2.7755575615628914e-17 0.8660254037844389
vn 0.36599815077066683 -0.9063077870366502 -0.2113091308703496
vn -0.36599815077066683 0.9063077870366502 0.2113091308703496
usemtl m_17a32fc9-fe4e-9ef7-072a-9cb61fd9c4a7
f 156/460/115 159/459/115 157/458/115 154/457/115
f 155/464/116 156/463/116 154/462/116 153/461/116
f 160/468/117 155/467/117 153/466/117 158/465/117
f 159/472/118 160/471/118 158/470/118 157/469/118
f 158/476/119 153/475/119 154/474/119 157/473/119
f 159/480/120 156/479/120 155/478/120 160/477/120
o cube
v -0.39317714881709454 0.17200440013120988 0.29967856456344927
v -0.41197511546464893 0.2951053692577359 0.31053157566763245
v -0.6596985650522332 0.11773934461029412 0.4535547759716067
v -0.6784965316997876 0.24084031373682013 0.4644077870757899
v -0.34947511546464893 0.2951053692577359 0.41878475114068725
v -0.33067714881709454 0.17200440013120988 0.4079317400365041
v -0.6159965316997876 0.24084031373682013 0.5726609625488447
v -0.5971985650522332 0.11773934461029412 0.5618079514446616
vt 0.03125 0.96875
vt 0.0625 0.96875
vt 0.0625 0.890625
vt 0.03125 0.890625
vt 0 0.96875
vt 0.03125 0.96875
vt 0.03125 0.890625
vt 0 0.890625
vt 0.09375 0.96875
vt 0.125 0.96875
vt 0.125 0.890625
vt 0.09375 0.890625
vt 0.0625 0.96875
vt 0.09375 0.96875
vt 0.09375 0.890625
vt 0.0625 0.890625
vt 0.0625 0.96875
vt 0.03125 0.96875
vt 0.03125 1
vt 0.0625 1
vt 0.09375 1
vt 0.0625 1
vt 0.0625 0.96875
vt 0.09375 0.96875
vn -0.1503837331804353 0.984807753012208 0.08682408883346512
vn -0.4999999999999998 -2.7755575615628914e-17 -0.8660254037844388
vn 0.1503837331804353 -0.984807753012208 -0.08682408883346512
vn 0.4999999999999998 2.7755575615628914e-17 0.8660254037844388
vn 0.8528685319524434 0.1736481776669304 -0.4924038765061038
vn -0.8528685319524434 -0.1736481776669304 0.4924038765061038
usemtl m_17a32fc9-fe4e-9ef7-072a-9cb61fd9c4a7
f 164/484/121 167/483/121 165/482/121 162/481/121
f 163/488/122 164/487/122 162/486/122 161/485/122
f 168/492/123 163/491/123 161/490/123 166/489/123
f 167/496/124 168/495/124 166/494/124 165/493/124
f 166/500/125 161/499/125 162/498/125 165/497/125
f 167/504/126 164/503/126 163/502/126 168/501/126
o cube
v -0.31990886563558874 0.406927555327687 0.2555728819543275
v -0.42163357580426053 0.44968007324339565 0.31430367075344673
v -0.3939583988170947 0.17200440013121 0.2983253998700361
v -0.4956831089857665 0.2147569180469186 0.35705618866915534
v -0.35913357580426053 0.44968007324339565 0.4225568462265016
v -0.25740886563558874 0.406927555327687 0.36382605742738233
v -0.4331831089857665 0.2147569180469186 0.4653093641422102
v -0.3314583988170947 0.17200440013121 0.40657857534309094
vt 0.71875 0.59375
vt 0.75 0.59375
vt 0.75 0.53125
vt 0.71875 0.53125
vt 0.6875 0.59375
vt 0.71875 0.59375
vt 0.71875 0.53125
vt 0.6875 0.53125
vt 0.78125 0.59375
vt 0.8125 0.59375
vt 0.8125 0.53125
vt 0.78125 0.53125
vt 0.75 0.59375
vt 0.78125 0.59375
vt 0.78125 0.53125
vt 0.75 0.53125
vt 0.75 0.59375
vt 0.71875 0.59375
vt 0.71875 0.625
vt 0.75 0.625
vt 0.78125 0.625
vt 0.75 0.625
vt 0.75 0.59375
vt 0.78125 0.59375
vn -0.8137976813493738 0.3420201433256689 0.46984631039295394
vn -0.4999999999999998 -2.7755575615628914e-17 -0.8660254037844388
vn 0.8137976813493738 -0.3420201433256689 -0.46984631039295394
vn 0.4999999999999998 2.7755575615628914e-17 0.8660254037844388
vn 0.29619813272602397 0.9396926207859085 -0.17101007166283433
vn -0.29619813272602397 -0.9396926207859085 0.17101007166283433
usemtl m_17a32fc9-fe4e-9ef7-072a-9cb61fd9c4a7
f 172/508/127 175/507/127 173/506/127 170/505/127
f 171/512/128 172/511/128 170/510/128 169/509/128
f 176/516/129 171/515/129 169/514/129 174/513/129
f 175/520/130 176/519/130 174/518/130 173/517/130
f 174/524/131 169/523/131 170/522/131 173/521/131
f 175/528/132 172/527/132 171/526/132 176/525/132
o cube
v -0.36383852337502876 0.7805005671120916 0.2448512898512496
v -0.4716797628328813 0.7696060992686343 0.3071134584819837
v -0.33553386563558874 0.406927555327687 0.2285095880860637
v -0.44337510509344136 0.3960330874842297 0.2907717567167978
v -0.3779297628328814 0.7696060992686343 0.469493221691566
v -0.27008852337502876 0.7805005671120916 0.4072310530608319
v -0.34962510509344136 0.3960330874842297 0.4531515199263801
v -0.24178386563558885 0.406927555327687 0.390889351295646
vt 0.40625 0.265625
vt 0.453125 0.265625
vt 0.453125 0.171875
vt 0.40625 0.171875
vt 0.375 0.265625
vt 0.40625 0.265625
vt 0.40625 0.171875
vt 0.375 0.171875
vt 0.484375 0.265625
vt 0.53125 0.265625
vt 0.53125 0.171875
vt 0.484375 0.171875
vt 0.453125 0.265625
vt 0.484375 0.265625
vt 0.484375 0.171875
vt 0.453125 0.171875
vt 0.453125 0.265625
vt 0.40625 0.265625
vt 0.40625 0.296875
vt 0.453125 0.296875
vt 0.5 0.296875
vt 0.453125 0.296875
vt 0.453125 0.265625
vt 0.5 0.265625
vn -0.8627299156628211 -0.08715574274765803 0.49809734904587255
vn -0.4999999999999998 -6.938893903907228e-18 -0.8660254037844388
vn 0.8627299156628211 0.08715574274765803 -0.49809734904587255
vn 0.4999999999999998 6.938893903907228e-18 0.8660254037844388
vn -0.07547908730517326 0.9961946980917455 0.04357787137382902
vn 0.07547908730517326 -0.9961946980917455 -0.04357787137382902
usemtl m_17a32fc9-fe4e-9ef7-072a-9cb61fd9c4a7
f 180/532/133 183/531/133 181/530/133 178/529/133
f 179/536/134 180/535/134 178/534/134 177/533/134
f 184/540/135 179/539/135 177/538/135 182/537/135
f 183/544/136 184/543/136 182/542/136 181/541/136
f 182/548/137 177/547/137 178/546/137 181/545/137
f 183/552/138 180/551/138 179/550/138 184/549/138
o cube
v -0.23388572083870462 0.9867931793206032 0.1716272239161744
v -0.3810517646927164 1.0660341033969845 0.2565935789508603
v -0.348260142954538 0.7035719958716501 0.23766132731315867
v -0.4954261868085499 0.7828129199480313 0.32262768234784456
v -0.2873017646927165 1.0660341033969845 0.4189733421604426
v -0.14013572083870485 0.9867931793206032 0.33400698712575666
v -0.4016761868085499 0.7828129199480313 0.4850074455574268
v -0.2545101429545381 0.7035719958716501 0.40004109052274095
vt 0.21875 0.25
vt 0.265625 0.25
vt 0.265625 0.171875
vt 0.21875 0.171875
vt 0.171875 0.25
vt 0.21875 0.25
vt 0.21875 0.171875
vt 0.171875 0.171875
vt 0.3125 0.25
vt 0.359375 0.25
vt 0.359375 0.171875
vt 0.3125 0.171875
vt 0.265625 0.25
vt 0.3125 0.25
vt 0.3125 0.171875
vt 0.265625 0.171875
vt 0.265625 0.25
vt 0.21875 0.25
vt 0.21875 0.296875
vt 0.265625 0.296875
vt 0.3125 0.296875
vt 0.265625 0.296875
vt 0.265625 0.25
vt 0.3125 0.25
vn -0.7848855672213959 0.4226182617406995 0.45315389351832475
vn -0.49999999999999983 0 -0.8660254037844389
vn 0.7848855672213959 -0.4226182617406995 -0.45315389351832475
vn 0.49999999999999983 0 0.8660254037844389
vn 0.3659981507706669 0.9063077870366499 -0.21130913087034964
vn -0.3659981507706669 -0.9063077870366499 0.21130913087034964
usemtl m_17a32fc9-fe4e-9ef7-072a-9cb61fd9c4a7
f 188/556/139 191/555/139 189/554/139 186/553/139
f 187/560/140 188/559/140 186/558/140 185/557/140
f 192/564/141 187/563/141 185/562/141 190/561/141
f 191/568/142 192/567/142 190/566/142 189/565/142
f 190/572/143 185/571/143 186/570/143 189/569/143
f 191/576/144 188/575/144 187/574/144 192/573/144
o cube
v -0.2477563509461097 1.125 0.1417468245269451
v -0.41013611415569196 1.125 0.23549682452694506
v -0.2477563509461097 1 0.1417468245269451
v -0.41013611415569196 1 0.23549682452694506
v -0.28513611415569196 1.125 0.45200317547305485
v -0.1227563509461097 1.125 0.35825317547305485
v -0.28513611415569196 1 0.45200317547305485
v -0.1227563509461097 1 0.35825317547305485
vt 0.6875 0.828125
vt 0.75 0.828125
vt 0.75 0.796875
vt 0.6875 0.796875
vt 0.640625 0.828125
vt 0.6875 0.828125
vt 0.6875 0.796875
vt 0.640625 0.796875
vt 0.796875 0.828125
vt 0.859375 0.828125
vt 0.859375 0.796875
vt 0.796875 0.796875
vt 0.75 0.828125
vt 0.796875 0.828125
vt 0.796875 0.796875
vt 0.75 0.796875
vt 0.75 0.828125
vt 0.6875 0.828125
vt 0.6875 0.875
vt 0.75 0.875
vt 0.8125 0.875
vt 0.75 0.875
vt 0.75 0.828125
vt 0.8125 0.828125
vn -0.8660254037844388 0 0.4999999999999998
vn -0.4999999999999998 0 -0.8660254037844388
vn 0.8660254037844388 0 -0.4999999999999998
vn 0.4999999999999998 0 0.8660254037844388
vn 0 1 0
vn 0 -1 0
usemtl m_17a32fc9-fe4e-9ef7-072a-9cb61fd9c4a7
f 196/580/145 199/579/145 197/578/145 194/577/145
f 195/584/146 196/583/146 194/582/146 193/581/146
f 200/588/147 195/587/147 193/586/147 198/585/147
f 199/592/148 200/591/148 198/590/148 197/589/148
f 198/596/149 193/595/149 194/594/149 197/593/149
f 199/600/150 196/599/150 195/598/150 200/597/150
o cube
v 0.25 1.125 0.375
v 0.25 1.125 -0.125
v 0.25 1 0.375
v 0.25 1 -0.125
v -0.25 1.125 -0.125
v -0.25 1.125 0.375
v -0.25 1 -0.125
v -0.25 1 0.375
vt 0.125 0.546875
vt 0.25 0.546875
vt 0.25 0.515625
vt 0.125 0.515625
vt 0 0.546875
vt 0.125 0.546875
vt 0.125 0.515625
vt 0 0.515625
vt 0.375 0.546875
vt 0.5 0.546875
vt 0.5 0.515625
vt 0.375 0.515625
vt 0.25 0.546875
vt 0.375 0.546875
vt 0.375 0.515625
vt 0.25 0.515625
vt 0.25 0.546875
vt 0.125 0.546875
vt 0.125 0.671875
vt 0.25 0.671875
vt 0.375 0.671875
vt 0.25 0.671875
vt 0.25 0.546875
vt 0.375 0.546875
vn 0 0 -1
vn 1 0 0
vn 0 0 1
vn -1 0 0
vn 0 1 0
vn 0 -1 0
usemtl m_17a32fc9-fe4e-9ef7-072a-9cb61fd9c4a7
f 204/604/151 207/603/151 205/602/151 202/601/151
f 203/608/152 204/607/152 202/606/152 201/605/152
f 208/612/153 203/611/153 201/610/153 206/609/153
f 207/616/154 208/615/154 206/614/154 205/613/154
f 206/620/155 201/619/155 202/618/155 205/617/155
f 207/624/156 204/623/156 203/622/156 208/621/156
o cube
v 0.125 1 0.25
v 0.125 1 0
v 0.125 0.75 0.25
v 0.125 0.75 0
v -0.125 1 0
v -0.125 1 0.25
v -0.125 0.75 0
v -0.125 0.75 0.25
vt 0.328125 0.375
vt 0.390625 0.375
vt 0.390625 0.3125
vt 0.328125 0.3125
vt 0.265625 0.375
vt 0.328125 0.375
vt 0.328125 0.3125
vt 0.265625 0.3125
vt 0.453125 0.375
vt 0.515625 0.375
vt 0.515625 0.3125
vt 0.453125 0.3125
vt 0.390625 0.375
vt 0.453125 0.375
vt 0.453125 0.3125
vt 0.390625 0.3125
vt 0.390625 0.375
vt 0.328125 0.375
vt 0.328125 0.4375
vt 0.390625 0.4375
vt 0.453125 0.4375
vt 0.390625 0.4375
vt 0.390625 0.375
vt 0.453125 0.375
vn 0 0 -1
vn 1 0 0
vn 0 0 1
vn -1 0 0
vn 0 1 0
vn 0 -1 0
usemtl m_17a32fc9-fe4e-9ef7-072a-9cb61fd9c4a7
f 212/628/157 215/627/157 213/626/157 210/625/157
f 211/632/158 212/631/158 210/630/158 209/629/158
f 216/636/159 211/635/159 209/634/159 214/633/159
f 215/640/160 216/639/160 214/638/160 213/637/160
f 214/644/161 209/643/161 210/642/161 213/641/161
f 215/648/162 212/647/162 211/646/162 216/645/162
o cube
v 0.15625 0.75 0.28125
v 0.15625 0.75 -0.03125
v 0.15625 0.5625 0.28125
v 0.15625 0.5625 -0.03125
v -0.15625 0.75 -0.03125
v -0.15625 0.75 0.28125
v -0.15625 0.5625 -0.03125
