# Made in Blockbench 4.12.4
mtllib present.mtl

o cube
v 0.5625 2.0625 0.5625
v 0.5625 2.0625 -0.5625
v 0.5625 0 0.5625
v 0.5625 0 -0.5625
v -0.5625 2.0625 -0.5625
v -0.5625 2.0625 0.5625
v -0.5625 0 -0.5625
v -0.5625 0 0.5625
vt 0.140625 0.859375
vt 0.28125 0.859375
vt 0.28125 0.6015625
vt 0.140625 0.6015625
vt 0 0.859375
vt 0.140625 0.859375
vt 0.140625 0.6015625
vt 0 0.6015625
vt 0.421875 0.859375
vt 0.5625 0.859375
vt 0.5625 0.6015625
vt 0.421875 0.6015625
vt 0.28125 0.859375
vt 0.421875 0.859375
vt 0.421875 0.6015625
vt 0.28125 0.6015625
vt 0.28125 0.859375
vt 0.140625 0.859375
vt 0.140625 1
vt 0.28125 1
vt 0.421875 1
vt 0.28125 1
vt 0.28125 0.859375
vt 0.421875 0.859375
vn 0 0 -1
vn 1 0 0
vn 0 0 1
vn -1 0 0
vn 0 1 0
vn 0 -1 0
usemtl m_4eff11de-d50a-cdba-27fc-0f093406a57a
f 4/4/1 7/3/1 5/2/1 2/1/1
f 3/8/2 4/7/2 2/6/2 1/5/2
f 8/12/3 3/11/3 1/10/3 6/9/3
f 7/16/4 8/15/4 6/14/4 5/13/4
f 6/20/5 1/19/5 2/18/5 5/17/5
f 7/24/6 4/23/6 3/22/6 8/21/6
o cube
v 0.625 2.4375 0.625
v 0.625 2.4375 -0.625
v 0.625 2.0625 0.625
v 0.625 2.0625 -0.625
v -0.625 2.4375 -0.625
v -0.625 2.4375 0.625
v -0.625 2.0625 -0.625
v -0.625 2.0625 0.625
vt 0.15625 0.4375
vt 0.3125 0.4375
vt 0.3125 0.390625
vt 0.15625 0.390625
vt 0 0.4375
vt 0.15625 0.4375
vt 0.15625 0.390625
vt 0 0.390625
vt 0.46875 0.4375
vt 0.625 0.4375
vt 0.625 0.390625
vt 0.46875 0.390625
vt 0.3125 0.4375
vt 0.46875 0.4375
vt 0.46875 0.390625
vt 0.3125 0.390625
vt 0.3125 0.4375
vt 0.15625 0.4375
vt 0.15625 0.59375
vt 0.3125 0.59375
vt 0.46875 0.59375
vt 0.3125 0.59375
vt 0.3125 0.4375
vt 0.46875 0.4375
vn 0 0 -1
vn 1 0 0
vn 0 0 1
vn -1 0 0
vn 0 1 0
vn 0 -1 0
usemtl m_4eff11de-d50a-cdba-27fc-0f093406a57a
f 12/28/7 15/27/7 13/26/7 10/25/7
f 11/32/8 12/31/8 10/30/8 9/29/8
f 16/36/9 11/35/9 9/34/9 14/33/9
f 15/40/10 16/39/10 14/38/10 13/37/10
f 14/44/11 9/43/11 10/42/11 13/41/11
f 15/48/12 12/47/12 11/46/12 16/45/12
o cube
v 0.25 2.625 0.1875
v 0.25 2.625 -0.1875
v 0.25 2.4375 0.1875
v 0.25 2.4375 -0.1875
v -0.25 2.625 -0.1875
v -0.25 2.625 0.1875
v -0.25 2.4375 -0.1875
v -0.25 2.4375 0.1875
vt 0.6171875 0.859375
vt 0.6796875 0.859375
vt 0.6796875 0.8359375
vt 0.6171875 0.8359375
vt 0.5703125 0.859375
vt 0.6171875 0.859375
vt 0.6171875 0.8359375
vt 0.5703125 0.8359375
vt 0.7265625 0.859375
vt 0.7890625 0.859375
vt 0.7890625 0.8359375
vt 0.7265625 0.8359375
vt 0.6796875 0.859375
vt 0.7265625 0.859375
vt 0.7265625 0.8359375
vt 0.6796875 0.8359375
vt 0.6796875 0.859375
vt 0.6171875 0.859375
vt 0.6171875 0.90625
vt 0.6796875 0.90625
vt 0.7421875 0.90625
vt 0.6796875 0.90625
vt 0.6796875 0.859375
vt 0.7421875 0.859375
vn 0 0 -1
vn 1 0 0
vn 0 0 1
vn -1 0 0
vn 0 1 0
vn 0 -1 0
usemtl m_4eff11de-d50a-cdba-27fc-0f093406a57a
f 20/52/13 23/51/13 21/50/13 18/49/13
f 19/56/14 20/55/14 18/54/14 17/53/14
f 24/60/15 19/59/15 17/58/15 22/57/15
f 23/64/16 24/63/16 22/62/16 21/61/16
f 22/68/17 17/67/17 18/66/17 21/65/17
f 23/72/18 20/71/18 19/70/18 24/69/18
o cube
v -0.30105854250315617 2.462411775061966 0.15532166593916927
v 0.10068371355093092 2.462411775061966 -0.323456111010192
v -0.31545566792339974 2.4028044656402017 0.14324104330902984
v 0.08628658813068729 2.4028044656402017 -0.3355367336403315
v -0.35593476796722867 2.6503528997521366 -0.7066045104408093
v -0.7576770240213158 2.6503528997521366 -0.22782673349144808
v -0.3703318933874723 2.590745590330372 -0.7186851330709488
v -0.7720741494415593 2.590745590330372 -0.23990735612158756
vt 0.5078125 0.921875
vt 0.5859375 0.921875
vt 0.5859375 0.9140625
vt 0.5078125 0.9140625
vt 0.4296875 0.921875
vt 0.5078125 0.921875
vt 0.5078125 0.9140625
vt 0.4296875 0.9140625
vt 0.6640625 0.921875
vt 0.7421875 0.921875
vt 0.7421875 0.9140625
vt 0.6640625 0.9140625
vt 0.5859375 0.921875
vt 0.6640625 0.921875
vt 0.6640625 0.9140625
vt 0.5859375 0.9140625
vt 0.5859375 0.921875
vt 0.5078125 0.921875
vt 0.5078125 1
vt 0.5859375 1
vt 0.6640625 1
vt 0.5859375 1
vt 0.5859375 0.921875
vt 0.6640625 0.921875
vn 0.6427876096865394 0 -0.7660444431189781
vn 0.7305895704290554 -0.3007057995042731 0.6130374390889878
vn -0.6427876096865394 0 0.7660444431189781
vn -0.7305895704290554 0.3007057995042731 -0.6130374390889878
vn 0.23035400672389794 0.9537169507482272 0.19328996208223143
vn -0.23035400672389794 -0.9537169507482272 -0.19328996208223143
usemtl m_4eff11de-d50a-cdba-27fc-0f093406a57a
f 28/76/19 31/75/19 29/74/19 26/73/19
f 27/80/20 28/79/20 26/78/20 25/77/20
f 32/84/21 27/83/21 25/82/21 30/81/21
f 31/88/22 32/87/22 30/86/22 29/85/22
f 30/92/23 25/91/23 26/90/23 29/89/23
f 31/96/24 28/95/24 27/94/24 32/93/24
o cube
v 0.35593476796722867 2.6503528997521366 0.7066045104408093
v 0.7576770240213158 2.6503528997521366 0.22782673349144808
v 0.3703318933874723 2.590745590330372 0.7186851330709488
v 0.7720741494415593 2.590745590330372 0.23990735612158756
v 0.30105854250315617 2.462411775061966 -0.15532166593916927
v -0.10068371355093092 2.462411775061966 0.323456111010192
v 0.31545566792339974 2.4028044656402017 -0.14324104330902984
v -0.08628658813068729 2.4028044656402017 0.3355367336403315
vt 0.5859375 0.921875
vt 0.5078125 0.921875
vt 0.5078125 0.9140625
vt 0.5859375 0.9140625
vt 0.6640625 0.921875
vt 0.5859375 0.921875
vt 0.5859375 0.9140625
vt 0.6640625 0.9140625
vt 0.7421875 0.921875
vt 0.6640625 0.921875
vt 0.6640625 0.9140625
vt 0.7421875 0.9140625
vt 0.5078125 0.921875
vt 0.4296875 0.921875
vt 0.4296875 0.9140625
vt 0.5078125 0.9140625
vt 0.5078125 0.921875
vt 0.5859375 0.921875
vt 0.5859375 1
vt 0.5078125 1
vt 0.5859375 1
vt 0.6640625 1
vt 0.6640625 0.921875
vt 0.5859375 0.921875
vn 0.6427876096865394 0 -0.7660444431189781
vn 0.7305895704290554 0.3007057995042731 0.6130374390889878
vn -0.6427876096865394 0 0.7660444431189781
vn -0.7305895704290554 -0.3007057995042731 -0.6130374390889878
vn -0.23035400672389794 0.9537169507482272 -0.19328996208223143
vn 0.23035400672389794 -0.9537169507482272 0.19328996208223143
usemtl m_4eff11de-d50a-cdba-27fc-0f093406a57a
f 36/100/25 39/99/25 37/98/25 34/97/25
f 35/104/26 36/103/26 34/102/26 33/101/26
f 40/108/27 35/107/27 33/106/27 38/105/27
f 39/112/28 40/111/28 38/110/28 37/109/28
f 38/116/29 33/115/29 34/114/29 37/113/29
f 39/120/30 36/119/30 35/118/30 40/117/30
o cube
v 0.20712849778860495 2.557837548956647 0.1464248928046688
v -0.14642489280466886 2.557837548956647 -0.2071284977886049
v 0.11214644864087611 2.3469896875034255 0.24140694195239762
v -0.24140694195239767 2.3469896875034255 -0.11214644864087611
v -0.5191547743853052 2.8936498041734118 0.16560138379203146
v -0.16560138379203138 2.8936498041734118 0.5191547743853052
v -0.614136823533034 2.6828019427201903 0.26058343293976033
v -0.2605834329397602 2.6828019427201903 0.6141368235330341
vt 0.5390625 0.53125
vt 0.6171875 0.53125
vt 0.6171875 0.5
vt 0.5390625 0.5
vt 0.4765625 0.53125
vt 0.5390625 0.53125
vt 0.5390625 0.5
vt 0.4765625 0.5
vt 0.6796875 0.53125
vt 0.7578125 0.53125
vt 0.7578125 0.5
vt 0.6796875 0.5
vt 0.6171875 0.53125
vt 0.6796875 0.53125
vt 0.6796875 0.5
vt 0.6171875 0.5
vt 0.6171875 0.53125
vt 0.5390625 0.53125
vt 0.5390625 0.59375
vt 0.6171875 0.59375
vt 0.6953125 0.59375
vt 0.6171875 0.59375
vt 0.6171875 0.53125
vt 0.6953125 0.53125
vn -0.7071067811865477 2.7755575615628914e-17 -0.7071067811865475
vn 0.5963678105290181 -0.5372996083468239 -0.5963678105290182
vn 0.7071067811865477 -2.7755575615628914e-17 0.7071067811865475
vn -0.5963678105290181 0.5372996083468239 0.5963678105290182
vn 0.37992819659091526 0.8433914458128857 -0.3799281965909153
vn -0.37992819659091526 -0.8433914458128857 0.3799281965909153
usemtl m_4eff11de-d50a-cdba-27fc-0f093406a57a
f 44/124/31 47/123/31 45/122/31 42/121/31
f 43/128/32 44/127/32 42/126/32 41/125/32
f 48/132/33 43/131/33 41/130/33 46/129/33
f 47/136/34 48/135/34 46/134/34 45/133/34
f 46/140/35 41/139/35 42/138/35 45/137/35
f 47/144/36 44/143/36 43/142/36 48/141/36
o cube
v 0.5191547743853052 2.8936498041734118 -0.16560138379203146
v 0.16560138379203138 2.8936498041734118 -0.5191547743853052
v 0.614136823533034 2.6828019427201903 -0.26058343293976033
v 0.2605834329397602 2.6828019427201903 -0.6141368235330341
v -0.20712849778860495 2.557837548956647 -0.1464248928046688
v 0.14642489280466886 2.557837548956647 0.2071284977886049
v -0.11214644864087611 2.3469896875034255 -0.24140694195239762
v 0.24140694195239767 2.3469896875034255 0.11214644864087611
vt 0.6171875 0.53125
vt 0.5390625 0.53125
vt 0.5390625 0.5
vt 0.6171875 0.5
vt 0.6796875 0.53125
vt 0.6171875 0.53125
vt 0.6171875 0.5
vt 0.6796875 0.5
vt 0.7578125 0.53125
vt 0.6796875 0.53125
vt 0.6796875 0.5
vt 0.7578125 0.5
vt 0.5390625 0.53125
vt 0.4765625 0.53125
vt 0.4765625 0.5
vt 0.5390625 0.5
vt 0.5390625 0.53125
vt 0.6171875 0.53125
vt 0.6171875 0.59375
vt 0.5390625 0.59375
vt 0.6171875 0.59375
vt 0.6953125 0.59375
vt 0.6953125 0.53125
vt 0.6171875 0.53125
vn -0.7071067811865477 -2.7755575615628914e-17 -0.7071067811865475
vn 0.5963678105290181 0.5372996083468239 -0.5963678105290182
vn 0.7071067811865477 2.7755575615628914e-17 0.7071067811865475
vn -0.5963678105290181 -0.5372996083468239 0.5963678105290182
vn -0.37992819659091526 0.8433914458128857 0.3799281965909153
vn 0.37992819659091526 -0.8433914458128857 -0.3799281965909153
usemtl m_4eff11de-d50a-cdba-27fc-0f093406a57a
f 52/148/37 55/147/37 53/146/37 50/145/37
f 51/152/38 52/151/38 50/150/38 49/149/38
f 56/156/39 51/155/39 49/154/39 54/153/39
f 55/160/40 56/159/40 54/158/40 53/157/40
f 54/164/41 49/163/41 50/162/41 53/161/41
f 55/168/42 52/167/42 51/166/42 56/165/42