# Made in Blockbench 4.12.4
mtllib toothless.mtl

o cube
v 0.28125 1.0015625 -1.75
v 0.28125 1.0015625 -2.125
v 0.28125 0.7515624999999999 -1.75
v 0.28125 0.7515624999999999 -2.125
v -0.28125 1.0015625 -2.125
v -0.28125 1.0015625 -1.75
v -0.28125 0.7515624999999999 -2.125
v -0.28125 0.7515624999999999 -1.75
vt 0.37109375 0.6875
vt 0.40625 0.6875
vt 0.40625 0.671875
vt 0.37109375 0.671875
vt 0.34765625 0.6875
vt 0.37109375 0.6875
vt 0.37109375 0.671875
vt 0.34765625 0.671875
vt 0.4296875 0.6875
vt 0.46484375 0.6875
vt 0.46484375 0.671875
vt 0.4296875 0.671875
vt 0.40625 0.6875
vt 0.4296875 0.6875
vt 0.4296875 0.671875
vt 0.40625 0.671875
vt 0.40625 0.6875
vt 0.37109375 0.6875
vt 0.37109375 0.7109375
vt 0.40625 0.7109375
vt 0.44140625 0.7109375
vt 0.40625 0.7109375
vt 0.40625 0.6875
vt 0.44140625 0.6875
vn 0 0 -1
vn 1 0 0
vn 0 0 1
vn -1 0 0
vn 0 1 0
vn 0 -1 0
usemtl m_734adbbb-b838-5a12-5695-1fa1b7bd312f
f 4/4/1 7/3/1 5/2/1 2/1/1
f 3/8/2 4/7/2 2/6/2 1/5/2
f 8/12/3 3/11/3 1/10/3 6/9/3
f 7/16/4 8/15/4 6/14/4 5/13/4
f 6/20/5 1/19/5 2/18/5 5/17/5
f 7/24/6 4/23/6 3/22/6 8/21/6
o cube
v 0.25 0.7515625 -1.75
v 0.25 0.7515625 -2
v 0.25 0.6890625 -1.75
v 0.25 0.6890625 -2
v -0.25 0.7515625 -2
v -0.25 0.7515625 -1.75
v -0.25 0.6890625 -2
v -0.25 0.6890625 -1.75
vt 0.41015625 0.59375
vt 0.44140625 0.59375
vt 0.44140625 0.58984375
vt 0.41015625 0.58984375
vt 0.39453125 0.59375
vt 0.41015625 0.59375
vt 0.41015625 0.58984375
vt 0.39453125 0.58984375
vt 0.45703125 0.59375
vt 0.48828125 0.59375
vt 0.48828125 0.58984375
vt 0.45703125 0.58984375
vt 0.44140625 0.59375
vt 0.45703125 0.59375
vt 0.45703125 0.58984375
vt 0.44140625 0.58984375
vt 0.44140625 0.59375
vt 0.41015625 0.59375
vt 0.41015625 0.609375
vt 0.44140625 0.609375
vt 0.47265625 0.609375
vt 0.44140625 0.609375
vt 0.44140625 0.59375
vt 0.47265625 0.59375
vn 0 0 -1
vn 1 0 0
vn 0 0 1
vn -1 0 0
vn 0 1 0
vn 0 -1 0
usemtl m_734adbbb-b838-5a12-5695-1fa1b7bd312f
f 12/28/7 15/27/7 13/26/7 10/25/7
f 11/32/8 12/31/8 10/30/8 9/29/8
f 16/36/9 11/35/9 9/34/9 14/33/9
f 15/40/10 16/39/10 14/38/10 13/37/10
f 14/44/11 9/43/11 10/42/11 13/41/11
f 15/48/12 12/47/12 11/46/12 16/45/12
o cube
v 0.26516505686730923 0.7086768145347369 -1.9657075674127906
v 3.325859658509511e-8 0.6512845700282862 -2.224587154335172
v 0.2651650563681711 0.6476583152844699 -1.9521800861525862
v 3.2759458465370095e-8 0.5902660707780194 -2.2110596730749674
v -0.2651650290225999 0.7086768102994092 -1.9657076060852745
v -5.413887275984575e-9 0.7660690548058599 -1.7068280191628935
v -0.26516502952173804 0.6476583110491424 -1.95218012482507
v -5.91302540958738e-9 0.7050505555555929 -1.693300537902689
vt 0.08203125 0.59765625
vt 0.10546875 0.59765625
vt 0.10546875 0.59375
vt 0.08203125 0.59375
vt 0.05859375 0.59765625
vt 0.08203125 0.59765625
vt 0.08203125 0.59375
vt 0.05859375 0.59375
vt 0.12890625 0.59765625
vt 0.15234375 0.59765625
vt 0.15234375 0.59375
vt 0.12890625 0.59375
vt 0.10546875 0.59765625
vt 0.12890625 0.59765625
vt 0.12890625 0.59375
vt 0.10546875 0.59375
vt 0.10546875 0.59765625
vt 0.08203125 0.59765625
vt 0.08203125 0.62109375
vt 0.10546875 0.62109375
vt 0.12890625 0.62109375
vt 0.10546875 0.62109375
vt 0.10546875 0.59765625
vt 0.12890625 0.59765625
vn -0.7071067296232338 -0.1530459853505348 -0.6903455651263496
vn 0.7071068327498575 -0.15304597405632803 -0.6903454619997259
vn 0.7071067296232338 0.1530459853505348 0.6903455651263496
vn -0.7071068327498575 0.15304597405632803 0.6903454619997259
vn 7.986210165400466e-9 0.9762959880042701 -0.2164397001632702
vn -7.986210165400466e-9 -0.9762959880042701 0.2164397001632702
usemtl m_734adbbb-b838-5a12-5695-1fa1b7bd312f
f 20/52/13 23/51/13 21/50/13 18/49/13
f 19/56/14 20/55/14 18/54/14 17/53/14
f 24/60/15 19/59/15 17/58/15 22/57/15
f 23/64/16 24/63/16 22/62/16 21/61/16
f 22/68/17 17/67/17 18/66/17 21/65/17
f 23/72/18 20/71/18 19/70/18 24/69/18
o cube
v -0.28125 0.9375 -1.635723304703363
v -0.19286165235168157 0.9375 -1.7241116523516815
v -0.28125 0.8125 -1.635723304703363
v -0.19286165235168157 0.8125 -1.7241116523516815
v -0.28125 0.9375 -1.8125
v -0.3696383476483185 0.9375 -1.7241116523516815
v -0.28125 0.8125 -1.8125
v -0.3696383476483185 0.8125 -1.7241116523516815
vt 0.015625 0.875
vt 0.0078125 0.875
vt 0.0078125 0.8671875
vt 0.015625 0.8671875
vt 0.0234375 0.875
vt 0.015625 0.875
vt 0.015625 0.8671875
vt 0.0234375 0.8671875
vt 0.03125 0.875
vt 0.0234375 0.875
vt 0.0234375 0.8671875
vt 0.03125 0.8671875
vt 0.0078125 0.875
vt 0 0.875
vt 0 0.8671875
vt 0.0078125 0.8671875
vt 0.0078125 0.875
vt 0.015625 0.875
vt 0.015625 0.8828125
vt 0.0078125 0.8828125
vt 0.015625 0.8828125
vt 0.0234375 0.8828125
vt 0.0234375 0.875
vt 0.015625 0.875
vn 0.7071067811865476 0 -0.7071067811865475
vn 0.7071067811865475 0 0.7071067811865476
vn -0.7071067811865476 0 0.7071067811865475
vn -0.7071067811865475 0 -0.7071067811865476
vn 0 1 0
vn 0 -1 0
usemtl m_734adbbb-b838-5a12-5695-1fa1b7bd312f
f 28/76/19 31/75/19 29/74/19 26/73/19
f 27/80/20 28/79/20 26/78/20 25/77/20
f 32/84/21 27/83/21 25/82/21 30/81/21
f 31/88/22 32/87/22 30/86/22 29/85/22
f 30/92/23 25/91/23 26/90/23 29/89/23
f 31/96/24 28/95/24 27/94/24 32/93/24
o cube
v -0.28628529790652646 1.1056545654351748 -1.616278608194651
v -0.14467470618204992 0.9735863586412064 -1.8615553479513371
v -0.31269893926532016 0.9923660920555937 -1.5705288393483177
v -0.17108834754084362 0.8602978852616251 -1.8158055791050038
v -0.2529278816551047 0.9735863586412064 -1.9240553479513371
v -0.39453847337958126 1.1056545654351748 -1.678778608194651
v -0.27934152301389836 0.8602978852616251 -1.8783055791050038
v -0.42095211473837496 0.9923660920555937 -1.6330288393483177
vt 0.2421875 0.90625
vt 0.234375 0.90625
vt 0.234375 0.8984375
vt 0.2421875 0.8984375
vt 0.26171875 0.90625
vt 0.2421875 0.90625
vt 0.2421875 0.8984375
vt 0.26171875 0.8984375
vt 0.26953125 0.90625
vt 0.26171875 0.90625
vt 0.26171875 0.8984375
vt 0.26953125 0.8984375
vt 0.234375 0.90625
vt 0.21484375 0.90625
vt 0.21484375 0.8984375
vt 0.234375 0.8984375
vt 0.234375 0.90625
vt 0.2421875 0.90625
vt 0.2421875 0.92578125
vt 0.234375 0.92578125
vt 0.2421875 0.92578125
vt 0.25 0.92578125
vt 0.25 0.90625
vt 0.2421875 0.90625
vn 0.4531538935183249 -0.4226182617406994 -0.7848855672213958
vn 0.8660254037844386 2.7755575615628914e-17 0.5
vn -0.4531538935183249 0.4226182617406994 0.7848855672213958
vn -0.8660254037844386 -2.7755575615628914e-17 -0.5
vn 0.21130913087034975 0.90630778703665 -0.36599815077066683
vn -0.21130913087034975 -0.90630778703665 0.36599815077066683
usemtl m_734adbbb-b838-5a12-5695-1fa1b7bd312f
f 36/100/25 39/99/25 37/98/25 34/97/25
f 35/104/26 36/103/26 34/102/26 33/101/26
f 40/108/27 35/107/27 33/106/27 38/105/27
f 39/112/28 40/111/28 38/110/28 37/109/28
f 38/116/29 33/115/29 34/114/29 37/113/29
f 39/120/30 36/119/30 35/118/30 40/117/30
o cube
v -0.05099748208429142 1.09375 -1.6950384224017614
v -0.03219951543673699 1.03125 -1.8016469888958169
v -0.061850493188474576 0.9854968245269451 -1.6334879378384985
v -0.04305252654092015 0.9229968245269452 -1.7400965043325538
v -0.155300484563263 1.03125 -1.8233530111041831
v -0.1740984512108174 1.09375 -1.7167444446101277
v -0.16615349566744614 0.9229968245269452 -1.76180252654092
v -0.18495146231500054 0.9854968245269451 -1.6551939600468648
vt 0.015625 0.80859375
vt 0.0078125 0.80859375
vt 0.0078125 0.80078125
vt 0.015625 0.80078125
vt 0.0234375 0.80859375
vt 0.015625 0.80859375
vt 0.015625 0.80078125
vt 0.0234375 0.80078125
vt 0.03125 0.80859375
vt 0.0234375 0.80859375
vt 0.0234375 0.80078125
vt 0.03125 0.80078125
vt 0.0078125 0.80859375
vt 0 0.80859375
vt 0 0.80078125
vt 0.0078125 0.80078125
vt 0.0078125 0.80859375
vt 0.015625 0.80859375
vt 0.015625 0.81640625
vt 0.0078125 0.81640625
vt 0.015625 0.81640625
vt 0.0234375 0.81640625
vt 0.0234375 0.80859375
vt 0.015625 0.80859375
vn 0.1503837331804353 -0.5 -0.8528685319524432
vn 0.984807753012208 1.3877787807814457e-17 0.17364817766693033
vn -0.1503837331804353 0.5 0.8528685319524432
vn -0.984807753012208 -1.3877787807814457e-17 -0.17364817766693033
vn 0.08682408883346518 0.8660254037844386 -0.492403876506104
vn -0.08682408883346518 -0.8660254037844386 0.492403876506104
usemtl m_734adbbb-b838-5a12-5695-1fa1b7bd312f
f 44/124/31 47/123/31 45/122/31 42/121/31
f 43/128/32 44/127/32 42/126/32 41/125/32
f 48/132/33 43/131/33 41/130/33 46/129/33
f 47/136/34 48/135/34 46/134/34 45/133/34
f 46/140/35 41/139/35 42/138/35 45/137/35
f 47/144/36 44/143/36 43/142/36 48/141/36
o cube
v 0.28125 1 -1.5
v 0.28125 1 -1.75
v 0.28125 0.625 -1.5
v 0.28125 0.625 -1.75
v -0.28125 1 -1.75
v -0.28125 1 -1.5
v -0.28125 0.625 -1.75
v -0.28125 0.625 -1.5
vt 0.3046875 0.59375
vt 0.33984375 0.59375
vt 0.33984375 0.5703125
vt 0.3046875 0.5703125
vt 0.2890625 0.59375
vt 0.3046875 0.59375
vt 0.3046875 0.5703125
vt 0.2890625 0.5703125
vt 0.35546875 0.59375
vt 0.390625 0.59375
vt 0.390625 0.5703125
vt 0.35546875 0.5703125
vt 0.33984375 0.59375
vt 0.35546875 0.59375
vt 0.35546875 0.5703125
vt 0.33984375 0.5703125
vt 0.33984375 0.59375
vt 0.3046875 0.59375
vt 0.3046875 0.609375
vt 0.33984375 0.609375
vt 0.375 0.609375
vt 0.33984375 0.609375
vt 0.33984375 0.59375
vt 0.375 0.59375
vn 0 0 -1
vn 1 0 0
vn 0 0 1
vn -1 0 0
vn 0 1 0
vn 0 -1 0
usemtl m_734adbbb-b838-5a12-5695-1fa1b7bd312f
f 52/148/37 55/147/37 53/146/37 50/145/37
f 51/152/38 52/151/38 50/150/38 49/149/38
f 56/156/39 51/155/39 49/154/39 54/153/39
f 55/160/40 56/159/40 54/158/40 53/157/40
f 54/164/41 49/163/41 50/162/41 53/161/41
f 55/168/42 52/167/42 51/166/42 56/165/42
o cube
v 0.34375 1.0625 -0.5
v 0.34375 1.0625 -1.5
v 0.34375 0.5 -0.5
v 0.34375 0.5 -1.5
v -0.34375 1.0625 -1.5
v -0.34375 1.0625 -0.5
v -0.34375 0.5 -1.5
v -0.34375 0.5 -0.5
vt 0.0625 0.79296875
vt 0.10546875 0.79296875
vt 0.10546875 0.7578125
vt 0.0625 0.7578125
vt 0 0.79296875
vt 0.0625 0.79296875
vt 0.0625 0.7578125
vt 0 0.7578125
vt 0.16796875 0.79296875
vt 0.2109375 0.79296875
vt 0.2109375 0.7578125
vt 0.16796875 0.7578125
vt 0.10546875 0.79296875
vt 0.16796875 0.79296875
vt 0.16796875 0.7578125
vt 0.10546875 0.7578125
vt 0.10546875 0.79296875
vt 0.0625 0.79296875
vt 0.0625 0.85546875
vt 0.10546875 0.85546875
vt 0.1484375 0.85546875
vt 0.10546875 0.85546875
vt 0.10546875 0.79296875
vt 0.1484375 0.79296875
vn 0 0 -1
vn 1 0 0
vn 0 0 1
vn -1 0 0
vn 0 1 0
vn 0 -1 0
usemtl m_734adbbb-b838-5a12-5695-1fa1b7bd312f
f 60/172/43 63/171/43 61/170/43 58/169/43
f 59/176/44 60/175/44 58/174/44 57/173/44
f 64/180/45 59/179/45 57/178/45 62/177/45
f 63/184/46 64/183/46 62/182/46 61/181/46
f 62/188/47 57/187/47 58/186/47 61/185/47
f 63/192/48 60/191/48 59/190/48 64/189/48
o cube
v 0.0625 1.15625 -0.5
v 0.0625 1.15625 -1.5
v 0.0625 1.03125 -0.5
v 0.0625 1.03125 -1.5
v -0.0625 1.15625 -1.5
v -0.0625 1.15625 -0.5
v -0.0625 1.03125 -1.5
v -0.0625 1.03125 -0.5
vt 0.3125 0.72265625
vt 0.3203125 0.72265625
vt 0.3203125 0.71484375
vt 0.3125 0.71484375
vt 0.25 0.72265625
vt 0.3125 0.72265625
vt 0.3125 0.71484375
vt 0.25 0.71484375
vt 0.3828125 0.72265625
vt 0.390625 0.72265625
vt 0.390625 0.71484375
vt 0.3828125 0.71484375
vt 0.3203125 0.72265625
vt 0.3828125 0.72265625
vt 0.3828125 0.71484375
vt 0.3203125 0.71484375
vt 0.3203125 0.72265625
vt 0.3125 0.72265625
vt 0.3125 0.78515625
vt 0.3203125 0.78515625
vt 0.328125 0.78515625
vt 0.3203125 0.78515625
vt 0.3203125 0.72265625
vt 0.328125 0.72265625
vn 0 0 -1
vn 1 0 0
vn 0 0 1
vn -1 0 0
vn 0 1 0
vn 0 -1 0
usemtl m_734adbbb-b838-5a12-5695-1fa1b7bd312f
f 68/196/49 71/195/49 69/194/49 66/193/49
f 67/200/50 68/199/50 66/198/50 65/197/50
f 72/204/51 67/203/51 65/202/51 70/201/51
f 71/208/52 72/207/52 70/206/52 69/205/52
f 70/212/53 65/211/53 66/210/53 69/209/53
f 71/216/54 68/215/54 67/214/54 72/213/54
o cube
v 0.15625 1.0625 0.25
v 0.15625 1.0625 -0.5
v 0.15625 0.625 0.25
v 0.15625 0.625 -0.5
v -0.15625 1.0625 -0.5
v -0.15625 1.0625 0.25
v -0.15625 0.625 -0.5
v -0.15625 0.625 0.25
vt 0.18359375 0.69921875
vt 0.203125 0.69921875
vt 0.203125 0.671875
vt 0.18359375 0.671875
vt 0.13671875 0.69921875
vt 0.18359375 0.69921875
vt 0.18359375 0.671875
vt 0.13671875 0.671875
vt 0.25 0.69921875
vt 0.26953125 0.69921875
vt 0.26953125 0.671875
vt 0.25 0.671875
vt 0.203125 0.69921875
vt 0.25 0.69921875
vt 0.25 0.671875
vt 0.203125 0.671875
vt 0.203125 0.69921875
vt 0.18359375 0.69921875
vt 0.18359375 0.74609375
vt 0.203125 0.74609375
vt 0.22265625 0.74609375
vt 0.203125 0.74609375
vt 0.203125 0.69921875
vt 0.22265625 0.69921875
vn 0 0 -1
vn 1 0 0
vn 0 0 1
vn -1 0 0
vn 0 1 0
vn 0 -1 0
usemtl m_734adbbb-b838-5a12-5695-1fa1b7bd312f
f 76/220/55 79/219/55 77/218/55 74/217/55
f 75/224/56 76/223/56 74/222/56 73/221/56
f 80/228/57 75/227/57 73/226/57 78/225/57
f 79/232/58 80/231/58 78/230/58 77/229/58
f 78/236/59 73/235/59 74/234/59 77/233/59
f 79/240/60 76/239/60 75/238/60 80/237/60
o cube
v 0.0625 1.125 0.25
v 0.0625 1.125 -0.5
v 0.0625 1.0625 0.25
v 0.0625 1.0625 -0.5
v -0.0625 1.125 -0.5
v -0.0625 1.125 0.25
v -0.0625 1.0625 -0.5
v -0.0625 1.0625 0.25
vt 0.3515625 0.6171875
vt 0.359375 0.6171875
vt 0.359375 0.61328125
vt 0.3515625 0.61328125
vt 0.3046875 0.6171875
vt 0.3515625 0.6171875
vt 0.3515625 0.61328125
vt 0.3046875 0.61328125
vt 0.40625 0.6171875
vt 0.4140625 0.6171875
vt 0.4140625 0.61328125
vt 0.40625 0.61328125
vt 0.359375 0.6171875
vt 0.40625 0.6171875
vt 0.40625 0.61328125
vt 0.359375 0.61328125
vt 0.359375 0.6171875
vt 0.3515625 0.6171875
vt 0.3515625 0.6640625
vt 0.359375 0.6640625
vt 0.3671875 0.6640625
vt 0.359375 0.6640625
vt 0.359375 0.6171875
vt 0.3671875 0.6171875
vn 0 0 -1
vn 1 0 0
vn 0 0 1
vn -1 0 0
vn 0 1 0
vn 0 -1 0
usemtl m_734adbbb-b838-5a12-5695-1fa1b7bd312f
f 84/244/61 87/243/61 85/242/61 82/241/61
f 83/248/62 84/247/62 82/246/62 81/245/62
f 88/252/63 83/251/63 81/250/63 86/249/63
f 87/256/64 88/255/64 86/254/64 85/253/64
f 86/260/65 81/259/65 82/258/65 85/257/65
f 87/264/66 84/263/66 83/262/66 88/261/66
o cube
v 0.125 1.0625 1
v 0.125 1.0625 0.25
v 0.125 0.75 1
v 0.125 0.75 0.25
v -0.125 1.0625 0.25
v -0.125 1.0625 1
v -0.125 0.75 0.25
v -0.125 0.75 1
vt 0.046875 0.65625
vt 0.0625 0.65625
vt 0.0625 0.63671875
vt 0.046875 0.63671875
vt 0 0.65625
vt 0.046875 0.65625
vt 0.046875 0.63671875
vt 0 0.63671875
vt 0.109375 0.65625
vt 0.125 0.65625
vt 0.125 0.63671875
vt 0.109375 0.63671875
vt 0.0625 0.65625
vt 0.109375 0.65625
vt 0.109375 0.63671875
vt 0.0625 0.63671875
vt 0.0625 0.65625
vt 0.046875 0.65625
vt 0.046875 0.703125
vt 0.0625 0.703125
vt 0.078125 0.703125
vt 0.0625 0.703125
vt 0.0625 0.65625
vt 0.078125 0.65625
vn 0 0 -1
vn 1 0 0
vn 0 0 1
vn -1 0 0
vn 0 1 0
vn 0 -1 0
usemtl m_734adbbb-b838-5a12-5695-1fa1b7bd312f
f 92/268/67 95/267/67 93/266/67 90/265/67
f 91/272/68 92/271/68 90/270/68 89/269/68
f 96/276/69 91/275/69 89/274/69 94/273/69
f 95/280/70 96/279/70 94/278/70 93/277/70
f 94/284/71 89/283/71 90/282/71 93/281/71
f 95/288/72 92/287/72 91/286/72 96/285/72
o cube
v 0.03125 1.109375 1
v 0.03125 1.109375 0.25
v 0.03125 1.046875 1
v 0.03125 1.046875 0.25
v -0.03125 1.109375 0.25
v -0.03125 1.109375 1
v -0.03125 1.046875 0.25
v -0.03125 1.046875 1
vt 0.4140625 0.8984375
vt 0.41796875 0.8984375
vt 0.41796875 0.89453125
vt 0.4140625 0.89453125
vt 0.3671875 0.8984375
vt 0.4140625 0.8984375
vt 0.4140625 0.89453125
vt 0.3671875 0.89453125
vt 0.46484375 0.8984375
vt 0.46875 0.8984375
vt 0.46875 0.89453125
vt 0.46484375 0.89453125
vt 0.41796875 0.8984375
vt 0.46484375 0.8984375
vt 0.46484375 0.89453125
vt 0.41796875 0.89453125
vt 0.41796875 0.8984375
vt 0.4140625 0.8984375
vt 0.4140625 0.9453125
vt 0.41796875 0.9453125
vt 0.421875 0.9453125
vt 0.41796875 0.9453125
vt 0.41796875 0.8984375
vt 0.421875 0.8984375
vn 0 0 -1
vn 1 0 0
vn 0 0 1
vn -1 0 0
vn 0 1 0
vn 0 -1 0
usemtl m_734adbbb-b838-5a12-5695-1fa1b7bd312f
f 100/292/73 103/291/73 101/290/73 98/289/73
f 99/296/74 100/295/74 98/294/74 97/293/74
f 104/300/75 99/299/75 97/298/75 102/297/75
f 103/304/76 104/303/76 102/302/76 101/301/76
f 102/308/77 97/307/77 98/306/77 101/305/77
f 103/312/78 100/311/78 99/310/78 104/309/78
o cube
v 0.09375 1.0625 1.75
v 0.09375 1.0625 1
v 0.09375 0.8125 1.75
v 0.09375 0.8125 1
v -0.09375 1.0625 1
v -0.09375 1.0625 1.75
v -0.09375 0.8125 1
v -0.09375 0.8125 1.75
vt 0.23046875 0.6171875
vt 0.2421875 0.6171875
vt 0.2421875 0.6015625
vt 0.23046875 0.6015625
vt 0.18359375 0.6171875
vt 0.23046875 0.6171875
vt 0.23046875 0.6015625
vt 0.18359375 0.6015625
vt 0.2890625 0.6171875
vt 0.30078125 0.6171875
vt 0.30078125 0.6015625
vt 0.2890625 0.6015625
vt 0.2421875 0.6171875
vt 0.2890625 0.6171875
vt 0.2890625 0.6015625
vt 0.2421875 0.6015625
vt 0.2421875 0.6171875
vt 0.23046875 0.6171875
vt 0.23046875 0.6640625
vt 0.2421875 0.6640625
vt 0.25390625 0.6640625
vt 0.2421875 0.6640625
vt 0.2421875 0.6171875
vt 0.25390625 0.6171875
vn 0 0 -1
vn 1 0 0
vn 0 0 1
vn -1 0 0
vn 0 1 0
vn 0 -1 0
usemtl m_734adbbb-b838-5a12-5695-1fa1b7bd312f
f 108/316/79 111/315/79 109/314/79 106/313/79
f 107/320/80 108/319/80 106/318/80 105/317/80
f 112/324/81 107/323/81 105/322/81 110/321/81
f 111/328/82 112/327/82 110/326/82 109/325/82
f 110/332/83 105/331/83 106/330/83 109/329/83
f 111/336/84 108/335/84 107/334/84 112/333/84
o cube
v 0.03125 1.125 1.75
v 0.03125 1.125 1
v 0.03125 1.0625 1.75
v 0.03125 1.0625 1
v -0.03125 1.125 1
v -0.03125 1.125 1.75
v -0.03125 1.0625 1
v -0.03125 1.0625 1.75
vt 0.046875 0.5859375
vt 0.05078125 0.5859375
vt 0.05078125 0.58203125
vt 0.046875 0.58203125
vt 0 0.5859375
vt 0.046875 0.5859375
vt 0.046875 0.58203125
vt 0 0.58203125
vt 0.09765625 0.5859375
vt 0.1015625 0.5859375
vt 0.1015625 0.58203125
vt 0.09765625 0.58203125
vt 0.05078125 0.5859375
vt 0.09765625 0.5859375
vt 0.09765625 0.58203125
vt 0.05078125 0.58203125
vt 0.05078125 0.5859375
vt 0.046875 0.5859375
vt 0.046875 0.6328125
vt 0.05078125 0.6328125
vt 0.0546875 0.6328125
vt 0.05078125 0.6328125
vt 0.05078125 0.5859375
vt 0.0546875 0.5859375
vn 0 0 -1
vn 1 0 0
vn 0 0 1
vn -1 0 0
vn 0 1 0
vn 0 -1 0
usemtl m_734adbbb-b838-5a12-5695-1fa1b7bd312f
f 116/340/85 119/339/85 117/338/85 114/337/85
f 115/344/86 116/343/86 114/342/86 113/341/86
f 120/348/87 115/347/87 113/346/87 118/345/87
f 119/352/88 120/351/88 118/350/88 117/349/88
f 118/356/89 113/355/89 114/354/89 117/353/89
f 119/360/90 116/359/90 115/358/90 120/357/90
o cube
v 0.0625 1 2.375
v 0.0625 1 1.75
v 0.0625 0.875 2.375
v 0.0625 0.875 1.75
v -0.0625 1 1.75
v -0.0625 1 2.375
v -0.0625 0.875 1.75
v -0.0625 0.875 2.375
vt 0.41015625 0.62890625
vt 0.41796875 0.62890625
vt 0.41796875 0.62109375
vt 0.41015625 0.62109375
vt 0.37109375 0.62890625
vt 0.41015625 0.62890625
vt 0.41015625 0.62109375
vt 0.37109375 0.62109375
vt 0.45703125 0.62890625
vt 0.46484375 0.62890625
vt 0.46484375 0.62109375
vt 0.45703125 0.62109375
vt 0.41796875 0.62890625
vt 0.45703125 0.62890625
vt 0.45703125 0.62109375
vt 0.41796875 0.62109375
vt 0.41796875 0.62890625
vt 0.41015625 0.62890625
vt 0.41015625 0.66796875
vt 0.41796875 0.66796875
vt 0.42578125 0.66796875
vt 0.41796875 0.66796875
vt 0.41796875 0.62890625
vt 0.42578125 0.62890625
vn 0 0 -1
vn 1 0 0
vn 0 0 1
vn -1 0 0
vn 0 1 0
vn 0 -1 0
usemtl m_734adbbb-b838-5a12-5695-1fa1b7bd312f
f 124/364/91 127/363/91 125/362/91 122/361/91
f 123/368/92 124/367/92 122/366/92 121/365/92
f 128/372/93 123/371/93 121/370/93 126/369/93
f 127/376/94 128/375/94 126/374/94 125/373/94
f 126/380/95 121/379/95 122/378/95 125/377/95
f 127/384/96 124/383/96 123/382/96 128/381/96
o cube
v 0.6004667775654611 1.2355557544162972 -1.4730206574907685
v 0.5260046659466293 1.2084537622064349 -1.6429533675601404
v 0.6432192954811696 1.1180941768180586 -1.4730206574907685
v 0.5687571838623379 1.0909921846081962 -1.6429533675601404
v 0.10017929612705606 1.0534660025967124 -1.4316442366897906
v 0.17464140774588785 1.0805679948065747 -1.2617115266204189
v 0.14293181404276464 0.9360044249984739 -1.4316442366897906
v 0.21739392566159643 0.9631064172083362 -1.2617115266204189
vt 0.26953125 0.62890625
vt 0.30078125 0.62890625
vt 0.30078125 0.62109375
vt 0.26953125 0.62109375
vt 0.2578125 0.62890625
vt 0.26953125 0.62890625
vt 0.26953125 0.62109375
vt 0.2578125 0.62109375
vt 0.3125 0.62890625
vt 0.34375 0.62890625
vt 0.34375 0.62109375
vt 0.3125 0.62109375
vt 0.30078125 0.62890625
vt 0.3125 0.62890625
vt 0.3125 0.62109375
vt 0.30078125 0.62109375
vt 0.30078125 0.62890625
vt 0.26953125 0.62890625
vt 0.26953125 0.640625
vt 0.30078125 0.640625
vt 0.33203125 0.640625
vt 0.30078125 0.640625
vt 0.30078125 0.62890625
vt 0.33203125 0.62890625
vn -0.39713126196710286 -0.144543958452599 -0.9063077870366499
vn 0.8516507396391465 0.30997551921944466 -0.42261826174069944
vn 0.39713126196710286 0.144543958452599 0.9063077870366499
vn -0.8516507396391465 -0.30997551921944466 0.42261826174069944
vn -0.34202014332566866 0.9396926207859084 0
vn 0.34202014332566866 -0.9396926207859084 0
usemtl m_734adbbb-b838-5a12-5695-1fa1b7bd312f
f 132/388/97 135/387/97 133/386/97 130/385/97
f 131/392/98 132/391/98 130/390/98 129/389/98
f 136/396/99 131/395/99 129/394/99 134/393/99
f 135/400/100 136/399/100 134/398/100 133/397/100
f 134/404/101 129/403/101 130/402/101 133/401/101
f 135/408/102 132/407/102 131/406/102 136/405/102
o cube
v 0.8540178810343639 1.3112130312493917 -0.9065782905928622
v 0.6058108423049247 1.2208730572165174 -1.4730206574907685
v 0.8540178810343639 1.3112130312493917 -0.9065782905928622
v 0.6058108423049247 1.2208730572165174 -1.4730206574907685
v -0.08615538365188191 0.9690179478507186 -1.1296433198264502
v 0.16205165507755737 1.059357921883593 -0.563200952928544
v -0.08615538365188191 0.9690179478507186 -1.1296433198264502
v 0.16205165507755737 1.059357921883593 -0.563200952928544
vt 0.0390625 0.70703125
vt 0.08984375 0.70703125
vt 0.08984375 0.70703125
vt 0.0390625 0.70703125
vt 0 0.70703125
vt 0.0390625 0.70703125
vt 0.0390625 0.70703125
vt 0 0.70703125
vt 0.12890625 0.70703125
vt 0.1796875 0.70703125
vt 0.1796875 0.70703125
vt 0.12890625 0.70703125
vt 0.08984375 0.70703125
vt 0.12890625 0.70703125
vt 0.12890625 0.70703125
vt 0.08984375 0.70703125
vt 0.08984375 0.70703125
vt 0.0390625 0.70703125
vt 0.0390625 0.74609375
vt 0.08984375 0.74609375
vt 0.140625 0.74609375
vt 0.08984375 0.74609375
vt 0.08984375 0.70703125
vt 0.140625 0.70703125
vn -0.39713126196710286 -0.144543958452599 -0.9063077870366499
vn 0.8516507396391465 0.30997551921944466 -0.42261826174069944
vn 0.39713126196710286 0.144543958452599 0.9063077870366499
vn -0.8516507396391465 -0.30997551921944466 0.42261826174069944
vn -0.34202014332566866 0.9396926207859084 0
vn 0.34202014332566866 -0.9396926207859084 0
usemtl m_734adbbb-b838-5a12-5695-1fa1b7bd312f
f 140/412/103 143/411/103 141/410/103 138/409/103
f 139/416/104 140/415/104 138/414/104 137/413/104
f 144/420/105 139/419/105 137/418/105 142/417/105
f 143/424/106 144/423/106 142/422/106 141/421/106
f 142/428/107 137/427/107 138/426/107 141/425/107
f 143/432/108 140/431/108 139/430/108 144/429/108
o cube
v 1.0212144065970215 1.3165917939905765 -1.474936318285898
v 1.016862129780518 1.3017482497777428 -1.6617971672664005
v 1.0448314678328257 1.194186386186559 -1.4657629569108932
v 1.0404791910163222 1.179342841973725 -1.6526238058913958
v 0.5260046659466293 1.2084537622064349 -1.6429533675601404
v 0.5303569427631327 1.2232973064192687 -1.4560925185796378
v 0.5496217271824335 1.0860483544024173 -1.6337800061851355
v 0.553974003998937 1.100891898615251 -1.4469191572046332
vt 0.26953125 0.65234375
vt 0.30078125 0.65234375
vt 0.30078125 0.64453125
vt 0.26953125 0.64453125
vt 0.2578125 0.65234375
vt 0.26953125 0.65234375
vt 0.26953125 0.64453125
vt 0.2578125 0.64453125
vt 0.3125 0.65234375
vt 0.34375 0.65234375
vt 0.34375 0.64453125
vt 0.3125 0.64453125
vt 0.30078125 0.65234375
vt 0.3125 0.65234375
vt 0.3125 0.64453125
vt 0.30078125 0.64453125
vt 0.30078125 0.65234375
vt 0.26953125 0.65234375
vt 0.26953125 0.6640625
vt 0.30078125 0.6640625
vt 0.33203125 0.6640625
vt 0.30078125 0.6640625
vt 0.30078125 0.65234375
vt 0.33203125 0.65234375
vn -0.023212143021352136 -0.07916556913511327 -0.9965911945626803
vn 0.9817149276677777 0.18658897514261574 -0.037687599412520464
vn 0.023212143021352136 0.07916556913511327 0.9965911945626803
vn -0.9817149276677777 -0.18658897514261574 0.037687599412520464
vn -0.18893648988643397 0.9792432624321404 -0.07338689100003827
vn 0.18893648988643397 -0.9792432624321404 0.07338689100003827
usemtl m_734adbbb-b838-5a12-5695-1fa1b7bd312f
f 148/436/109 151/435/109 149/434/109 146/433/109
f 147/440/110 148/439/110 146/438/110 145/437/110
f 152/444/111 147/443/111 145/442/111 150/441/111
f 151/448/112 152/447/112 150/446/112 149/445/112
f 150/452/113 145/451/113 146/450/113 149/449/113
f 151/456/114 148/455/114 147/454/114 152/453/114
o cube
v 0.6105739919472175 1.2992811422879615 -0.6487176479607428
v 0.5917141257423688 1.2349591173656822 -1.4584479935429204
v 0.6223825225651196 1.2380784383859529 -0.6441309672732405
v 0.603522656360271 1.1737564134636733 -1.4538613128554179
v 0.5303569427631327 1.2232973064192687 -1.4560925185796378
v 0.5492168089679814 1.2876193313415483 -0.6463621729974602
v 0.5421654733810349 1.1620946025172598 -1.4515058378921355
v 0.5610253395858835 1.2264166274395394 -0.6417754923099579
vt 0.3828125 0.734375
vt 0.38671875 0.734375
vt 0.38671875 0.73046875
vt 0.3828125 0.73046875
vt 0.33203125 0.734375
vt 0.3828125 0.734375
vt 0.3828125 0.73046875
vt 0.33203125 0.73046875
vt 0.4375 0.734375
vt 0.44140625 0.734375
vt 0.44140625 0.73046875
vt 0.4375 0.73046875
vt 0.38671875 0.734375
vt 0.4375 0.734375
vt 0.4375 0.73046875
vt 0.38671875 0.73046875
vt 0.38671875 0.734375
vt 0.3828125 0.734375
vt 0.3828125 0.78515625
vt 0.38671875 0.78515625
vt 0.390625 0.78515625
vt 0.38671875 0.78515625
vt 0.38671875 0.734375
vt 0.390625 0.734375
vn -0.023212143021352136 -0.07916556913511327 -0.9965911945626803
vn 0.9817149276677777 0.18658897514261574 -0.037687599412520464
vn 0.023212143021352136 0.07916556913511327 0.9965911945626803
vn -0.9817149276677777 -0.18658897514261574 0.037687599412520464
vn -0.18893648988643397 0.9792432624321404 -0.07338689100003827
vn 0.18893648988643397 -0.9792432624321404 0.07338689100003827
usemtl m_734adbbb-b838-5a12-5695-1fa1b7bd312f
f 156/460/115 159/459/115 157/458/115 154/457/115
f 155/464/116 156/463/116 154/462/116 153/461/116
f 160/468/117 155/467/117 153/466/117 158/465/117
f 159/472/118 160/471/118 158/470/118 157/469/118
f 158/476/119 153/475/119 154/474/119 157/473/119
f 159/480/120 156/479/120 155/478/120 160/477/120
o cube
v 1.1701436630081279 1.3785839369256232 -0.6053366326263669
v 1.1498330378644448 1.309314063932399 -1.477353927868712
v 1.1701436630081279 1.3785839369256232 -0.6053366326263669
v 1.1498330378644448 1.309314063932399 -1.477353927868712
v 0.536261208072084 1.192695954468264 -1.4537991782358868
v 0.5565718332157671 1.2619658274614882 -0.5817818829935417
v 0.536261208072084 1.192695954468264 -1.4537991782358868
v 0.5565718332157671 1.2619658274614882 -0.5817818829935417
vt 0.2890625 0.7890625
vt 0.328125 0.7890625
vt 0.328125 0.7890625
vt 0.2890625 0.7890625
vt 0.234375 0.7890625
vt 0.2890625 0.7890625
vt 0.2890625 0.7890625
vt 0.234375 0.7890625
vt 0.3828125 0.7890625
vt 0.421875 0.7890625
vt 0.421875 0.7890625
vt 0.3828125 0.7890625
vt 0.328125 0.7890625
vt 0.3828125 0.7890625
vt 0.3828125 0.7890625
vt 0.328125 0.7890625
vt 0.328125 0.7890625
vt 0.2890625 0.7890625
vt 0.2890625 0.84375
vt 0.328125 0.84375
vt 0.3671875 0.84375
vt 0.328125 0.84375
vt 0.328125 0.7890625
vt 0.3671875 0.7890625
vn -0.023212143021352136 -0.07916556913511327 -0.9965911945626803
vn 0.9817149276677777 0.18658897514261574 -0.037687599412520464
vn 0.023212143021352136 0.07916556913511327 0.9965911945626803
vn -0.9817149276677777 -0.18658897514261574 0.037687599412520464
vn -0.18893648988643397 0.9792432624321404 -0.07338689100003827
vn 0.18893648988643397 -0.9792432624321404 0.07338689100003827
usemtl m_734adbbb-b838-5a12-5695-1fa1b7bd312f
f 164/484/121 167/483/121 165/482/121 162/481/121
f 163/488/122 164/487/122 162/486/122 161/485/122
f 168/492/123 163/491/123 161/490/123 166/489/123
f 167/496/124 168/495/124 166/494/124 165/493/124
f 166/500/125 161/499/125 162/498/125 165/497/125
f 167/504/126 164/503/126 163/502/126 168/501/126
o cube
v 2.269033790058759 1.370433978101088 -1.7357796241107362
v 2.2498743216363484 1.359690073802514 -1.8588344220269235
v 2.276431365142491 1.246031421974978 -1.7260698397583087
v 2.2572718967200798 1.2352875176764042 -1.849124637674496
v 1.016862129780518 1.3017482497777426 -1.6617971672664007
v 1.036021598202929 1.3124921540763164 -1.5387423693502134
v 1.0242597048642494 1.1773456936516329 -1.6520873829139735
v 1.0434191732866605 1.1880895979502064 -1.5290325849977862
vt 0.3046875 0.86328125
vt 0.3828125 0.86328125
vt 0.3828125 0.85546875
vt 0.3046875 0.85546875
vt 0.296875 0.86328125
vt 0.3046875 0.86328125
vt 0.3046875 0.85546875
vt 0.296875 0.85546875
vt 0.390625 0.86328125
vt 0.46875 0.86328125
vt 0.46875 0.85546875
vt 0.390625 0.85546875
vt 0.3828125 0.86328125
vt 0.390625 0.86328125
vt 0.390625 0.85546875
vt 0.3828125 0.85546875
vt 0.3828125 0.86328125
vt 0.3046875 0.86328125
vt 0.3046875 0.87109375
vt 0.3828125 0.87109375
vt 0.4609375 0.87109375
vt 0.3828125 0.87109375
vt 0.3828125 0.86328125
vt 0.4609375 0.86328125
vn -0.15327574737928776 -0.08595123438858997 -0.9844383833294994
vn 0.9864097534846644 0.04635345921981722 -0.15762980380841823
vn 0.15327574737928776 0.08595123438858997 0.9844383833294994
vn -0.9864097534846644 -0.04635345921981722 0.15762980380841823
vn -0.059180600669851494 0.995220449008879 -0.07767827481941883
vn 0.059180600669851494 -0.995220449008879 0.07767827481941883
usemtl m_734adbbb-b838-5a12-5695-1fa1b7bd312f
f 172/508/127 175/507/127 173/506/127 170/505/127
f 171/512/128 172/511/128 170/510/128 169/509/128
f 176/516/129 171/515/129 169/514/129 174/513/129
f 175/520/130 176/519/130 174/518/130 173/517/130
f 174/524/131 169/523/131 170/522/131 173/521/131
f 175/528/132 172/527/132 171/526/132 176/525/132
o cube
v 1.2701074235974192 1.4120843839647186 -0.4411010508425528
v 1.0976722077957206 1.3153892452775549 -1.5485942320882395
v 1.273806211139285 1.3498831059016638 -0.4362461586663391
v 1.1013709953375863 1.2531879672145 -1.5437393399120258
v 1.036021598202929 1.3124921540763164 -1.5387423693502134
v 1.2084568140046277 1.40918729276348 -0.4312491881045266
v 1.0397203857447948 1.2502908760132614 -1.5338874771739996
v 1.2121556015464936 1.3469860147004251 -0.4263942959283131
vt 0.21875 0.75390625
vt 0.22265625 0.75390625
vt 0.22265625 0.75
vt 0.21875 0.75
vt 0.1484375 0.75390625
vt 0.21875 0.75390625
vt 0.21875 0.75
vt 0.1484375 0.75
vt 0.29296875 0.75390625
vt 0.296875 0.75390625
vt 0.296875 0.75
vt 0.29296875 0.75
vt 0.22265625 0.75390625
vt 0.29296875 0.75390625
vt 0.29296875 0.75
vt 0.22265625 0.75
vt 0.22265625 0.75390625
vt 0.21875 0.75390625
vt 0.21875 0.82421875
vt 0.22265625 0.82421875
vt 0.2265625 0.82421875
vt 0.22265625 0.82421875
vt 0.22265625 0.75390625
vt 0.2265625 0.75390625
vn -0.15327574737928776 -0.08595123438858997 -0.9844383833294994
vn 0.9864097534846644 0.04635345921981722 -0.15762980380841823
vn 0.15327574737928776 0.08595123438858997 0.9844383833294994
vn -0.9864097534846644 -0.04635345921981722 0.15762980380841823
vn -0.059180600669851494 0.995220449008879 -0.07767827481941883
vn 0.059180600669851494 -0.995220449008879 0.07767827481941883
usemtl m_734adbbb-b838-5a12-5695-1fa1b7bd312f
f 180/532/133 183/531/133 181/530/133 178/529/133
f 179/536/134 180/535/134 178/534/134 177/533/134
f 184/540/135 179/539/135 177/538/135 182/537/135
f 183/544/136 184/543/136 182/542/136 181/541/136
f 182/548/137 177/547/137 178/546/137 181/545/137
f 183/552/138 180/551/138 179/550/138 184/549/138
o cube
v 2.442393702745924 1.4515787972724878 -0.6270727198209958
v 2.2699584869442253 1.3548836585853241 -1.7345659010666825
v 2.442393702745924 1.4515787972724878 -0.6270727198209958
v 2.2699584869442253 1.3548836585853241 -1.7345659010666825
v 1.0369462950883954 1.2969418345605526 -1.5375286463061597
v 1.209381510890094 1.3936369732477163 -0.4300354650604732
v 1.0369462950883954 1.2969418345605526 -1.5375286463061597
v 1.209381510890094 1.3936369732477163 -0.4300354650604732
vt 0.0703125 0.9296875
vt 0.1484375 0.9296875
vt 0.1484375 0.9296875
vt 0.0703125 0.9296875
vt 0 0.9296875
vt 0.0703125 0.9296875
vt 0.0703125 0.9296875
vt 0 0.9296875
vt 0.21875 0.9296875
vt 0.296875 0.9296875
vt 0.296875 0.9296875
vt 0.21875 0.9296875
vt 0.1484375 0.9296875
vt 0.21875 0.9296875
vt 0.21875 0.9296875
vt 0.1484375 0.9296875
vt 0.1484375 0.9296875
vt 0.0703125 0.9296875
vt 0.0703125 1
vt 0.1484375 1
vt 0.2265625 1
vt 0.1484375 1
vt 0.1484375 0.9296875
vt 0.2265625 0.9296875
vn -0.15327574737928776 -0.08595123438858997 -0.9844383833294994
vn 0.9864097534846644 0.04635345921981722 -0.15762980380841823
vn 0.15327574737928776 0.08595123438858997 0.9844383833294994
vn -0.9864097534846644 -0.04635345921981722 0.15762980380841823
vn -0.059180600669851494 0.995220449008879 -0.07767827481941883
vn 0.059180600669851494 -0.995220449008879 0.07767827481941883
usemtl m_734adbbb-b838-5a12-5695-1fa1b7bd312f
f 188/556/139 191/555/139 189/554/139 186/553/139
f 187/560/140 188/559/140 186/558/140 185/557/140
f 192/564/141 187/563/141 185/562/141 190/561/141
f 191/568/142 192/567/142 190/566/142 189/565/142
f 190/572/143 185/571/143 186/570/143 189/569/143
f 191/576/144 188/575/144 187/574/144 192/573/144
o cube
v 3.1603210201365433 1.3189158097147253 -1.6198373905010184
v 3.1697099373183493 1.31221480791315 -1.681263726945645
v 3.1559411447200474 1.256868525925214 -1.6137381064709182
v 3.1653300619018534 1.2501675241236385 -1.6751644429155448
v 2.2451798630454456 1.3630405747033016 -1.8281212538046103
v 2.2357909458636396 1.369741576504877 -1.7666949173599835
v 2.2407999876289497 1.3009932909137905 -1.8220219697745101
v 2.2314110704471437 1.3076942927153659 -1.7605956333298836
vt 0.5390625 0.5625
vt 0.59765625 0.5625
vt 0.59765625 0.55859375
vt 0.5390625 0.55859375
vt 0.53515625 0.5625
vt 0.5390625 0.5625
vt 0.5390625 0.55859375
vt 0.53515625 0.55859375
vt 0.6015625 0.5625
vt 0.66015625 0.5625
vt 0.66015625 0.55859375
vt 0.6015625 0.55859375
vt 0.59765625 0.5625
vt 0.6015625 0.5625
vt 0.6015625 0.55859375
vt 0.59765625 0.55859375
vt 0.59765625 0.5625
vt 0.5390625 0.5625
vt 0.5390625 0.56640625
vt 0.59765625 0.56640625
vt 0.65625 0.56640625
vt 0.59765625 0.56640625
vt 0.59765625 0.5625
vt 0.65625 0.5625
vn 0.15022267490889762 -0.1072160288252069 -0.9828213831140267
vn 0.9861654125577642 -0.05421415124282856 0.15664802864956298
vn -0.15022267490889762 0.1072160288252069 0.9828213831140267
vn -0.9861654125577642 0.05421415124282856 -0.15664802864956298
vn 0.07007800666393325 0.9927565406321796 -0.09758854448160208
vn -0.07007800666393325 -0.9927565406321796 0.09758854448160208
usemtl m_734adbbb-b838-5a12-5695-1fa1b7bd312f
f 196/580/145 199/579/145 197/578/145 194/577/145
f 195/584/146 196/583/146 194/582/146 193/581/146
f 200/588/147 195/587/147 193/586/147 198/585/147
f 199/592/148 200/591/148 198/590/148 197/589/148
f 198/596/149 193/595/149 194/594/149 197/593/149
f 199/600/150 196/599/150 195/598/150 200/597/150
o cube
v 2.114342399103281 1.4970227271829213 -0.5590908548991662
v 2.302120742739403 1.3630026911514126 -1.7876175837916992
v 2.109962523686785 1.43497544339341 -0.5529915708690663
v 2.297740867322907 1.3009554073619014 -1.781518299761599
v 2.2404854044545424 1.3663910756040893 -1.797408085582297
v 2.0527070608184204 1.500411111635598 -0.5688813566897639
v 2.2361055290380465 1.3043437918145782 -1.7913088015521967
v 2.0483271854019245 1.4383638278460869 -0.562782072659664
vt 0.28125 0.8515625
vt 0.28515625 0.8515625
vt 0.28515625 0.84765625
vt 0.28125 0.84765625
vt 0.203125 0.8515625
vt 0.28125 0.8515625
vt 0.28125 0.84765625
vt 0.203125 0.84765625
vt 0.36328125 0.8515625
vt 0.3671875 0.8515625
vt 0.3671875 0.84765625
vt 0.36328125 0.84765625
vt 0.28515625 0.8515625
vt 0.36328125 0.8515625
vt 0.36328125 0.84765625
vt 0.28515625 0.84765625
vt 0.28515625 0.8515625
vt 0.28125 0.8515625
vt 0.28125 0.9296875
vt 0.28515625 0.9296875
vt 0.2890625 0.9296875
vt 0.28515625 0.9296875
vt 0.28515625 0.8515625
vt 0.2890625 0.8515625
vn 0.15022267490889762 -0.1072160288252069 -0.9828213831140267
vn 0.9861654125577642 -0.05421415124282856 0.15664802864956298
vn -0.15022267490889762 0.1072160288252069 0.9828213831140267
vn -0.9861654125577642 0.05421415124282856 -0.15664802864956298
vn 0.07007800666393325 0.9927565406321796 -0.09758854448160208
vn -0.07007800666393325 -0.9927565406321796 0.09758854448160208
usemtl m_734adbbb-b838-5a12-5695-1fa1b7bd312f
f 204/604/151 207/603/151 205/602/151 202/601/151
f 203/608/152 204/607/152 202/606/152 201/605/152
f 208/612/153 203/611/153 201/610/153 206/609/153
f 207/616/154 208/615/154 206/614/154 205/613/154
f 206/620/155 201/619/155 202/618/155 205/617/155
f 207/624/156 204/623/156 203/622/156 208/621/156
o cube
v 3.275408797025092 1.3690015159877946 -0.8675663644243334
v 3.067025669324679 1.2816557504404638 -1.9057635708021698
v 3.275408797025092 1.3690015159877946 -0.8675663644243334
v 3.067025669324679 1.2816557504404638 -1.9057635708021698
v 1.905565713368389 1.3856981822406267 -1.6813929107435943
v 2.113948841068802 1.4730439477879578 -0.6431957043657579
v 1.905565713368389 1.3856981822406267 -1.6813929107435943
v 2.113948841068802 1.4730439477879578 -0.6431957043657579
vt 0.06640625 0.859375
vt 0.140625 0.859375
vt 0.140625 0.859375
vt 0.06640625 0.859375
vt 0 0.859375
vt 0.06640625 0.859375
vt 0.06640625 0.859375
vt 0 0.859375
vt 0.20703125 0.859375
vt 0.28125 0.859375
vt 0.28125 0.859375
vt 0.20703125 0.859375
vt 0.140625 0.859375
vt 0.20703125 0.859375
vt 0.20703125 0.859375
vt 0.140625 0.859375
vt 0.140625 0.859375
vt 0.06640625 0.859375
vt 0.06640625 0.92578125
vt 0.140625 0.92578125
vt 0.21484375 0.92578125
vt 0.140625 0.92578125
vt 0.140625 0.859375
vt 0.21484375 0.859375
vn -0.19612529665921222 -0.08220777933866445 -0.9771267824732581
vn 0.9780715418579287 -0.08761467941066345 -0.18894371373353733
vn 0.19612529665921222 0.08220777933866445 0.9771267824732581
vn -0.9780715418579287 0.08761467941066345 0.18894371373353733
vn 0.07007800666393324 0.9927565406321794 -0.09758854448160205
vn -0.07007800666393324 -0.9927565406321794 0.09758854448160205
usemtl m_734adbbb-b838-5a12-5695-1fa1b7bd312f
f 212/628/157 215/627/157 213/626/157 210/625/157
f 211/632/158 212/631/158 210/630/158 209/629/158
f 216/636/159 211/635/159 209/634/159 214/633/159
f 215/640/160 216/639/160 214/638/160 213/637/160
f 214/644/161 209/643/161 210/642/161 213/641/161
f 215/648/162 212/647/162 211/646/162 216/645/162
o cube
v -0.17464140774588785 1.0805679948065747 -1.2617115266204189
v -0.10017929612705606 1.0534660025967124 -1.4316442366897906
v -0.21739392566159643 0.9631064172083362 -1.2617115266204189
v -0.14293181404276464 0.9360044249984739 -1.4316442366897906
v -0.5260046659466293 1.2084537622064349 -1.6429533675601404
v -0.6004667775654611 1.2355557544162972 -1.4730206574907685
v -0.5687571838623379 1.0909921846081962 -1.6429533675601404
v -0.6432192954811696 1.1180941768180586 -1.4730206574907685
vt 0.30078125 0.62890625
vt 0.26953125 0.62890625
vt 0.26953125 0.62109375
vt 0.30078125 0.62109375
vt 0.3125 0.62890625
vt 0.30078125 0.62890625
vt 0.30078125 0.62109375
vt 0.3125 0.62109375
vt 0.34375 0.62890625
vt 0.3125 0.62890625
vt 0.3125 0.62109375
vt 0.34375 0.62109375
vt 0.26953125 0.62890625
vt 0.2578125 0.62890625
vt 0.2578125 0.62109375
vt 0.26953125 0.62109375
vt 0.26953125 0.62890625
vt 0.30078125 0.62890625
vt 0.30078125 0.640625
vt 0.26953125 0.640625
vt 0.30078125 0.640625
vt 0.33203125 0.640625
vt 0.33203125 0.62890625
vt 0.30078125 0.62890625
vn 0.39713126196710286 -0.144543958452599 -0.9063077870366499
vn 0.8516507396391465 -0.30997551921944466 0.42261826174069944
vn -0.39713126196710286 0.144543958452599 0.9063077870366499
vn -0.8516507396391465 0.30997551921944466 -0.42261826174069944
vn 0.34202014332566866 0.9396926207859084 0
vn -0.34202014332566866 -0.9396926207859084 0
usemtl m_734adbbb-b838-5a12-5695-1fa1b7bd312f
f 220/652/163 223/651/163 221/650/163 218/649/163
